8.999999999999999112e-01 0.000000000000000000e+00 0.000000000000000000e+00 3.927729772191673047e-03 3.036437246963562611e-02 0.000000000000000000e+00 0.000000000000000000e+00
8.000000000000000444e-01 0.000000000000000000e+00 0.000000000000000000e+00 7.855459544383346093e-03 2.699055330634278146e-02 0.000000000000000000e+00 1.353383458646582362e-02
6.999999999999999556e-01 0.000000000000000000e+00 0.000000000000000000e+00 1.178318931657502087e-02 2.361673414304992988e-02 0.000000000000000000e+00 3.308270676691712348e-02
6.000000000000000888e-01 0.000000000000000000e+00 0.000000000000000000e+00 1.571091908876669219e-02 2.024291497975708523e-02 0.000000000000000000e+00 4.812030075187952866e-02
3.999999999999999112e-01 0.000000000000000000e+00 0.000000000000000000e+00 2.356637863315004175e-02 1.349527665317139073e-02 0.000000000000000000e+00 7.819548872180434596e-02
3.000000000000000444e-01 0.000000000000000000e+00 0.000000000000000000e+00 2.749410840534171480e-02 1.012145748987854262e-02 0.000000000000000000e+00 1.233082706766915615e-01
1.999999999999999556e-01 0.000000000000000000e+00 0.000000000000000000e+00 3.142183817753338437e-02 6.747638326585695366e-03 0.000000000000000000e+00 1.684210526315787770e-01
1.000000000000000888e-01 0.000000000000000000e+00 0.000000000000000000e+00 3.534956794972506089e-02 3.373819163292847683e-03 0.000000000000000000e+00 2.511278195488720333e-01
0.000000000000000000e+00 6.363636363636364646e-01 2.000000000000000111e-01 4.619010212097408030e-01 2.024291497975708523e-03 3.200000000000000067e-02 6.962406015037595486e-01
0.000000000000000000e+00 6.103896103896104819e-01 1.918367346938775753e-01 4.430479183032208224e-01 6.072874493927125569e-03 9.600000000000000200e-02 6.060150375939851175e-01
0.000000000000000000e+00 5.844155844155843882e-01 1.836734693877550839e-01 4.241948153967007307e-01 1.012145748987854262e-02 1.600000000000000033e-01 5.458646616541354968e-01
0.000000000000000000e+00 5.194805194805194315e-01 1.632653061224489666e-01 3.770620581304006680e-01 2.024291497975708523e-02 3.200000000000000067e-01 4.556390977443610657e-01
0.000000000000000000e+00 3.896103896103896291e-01 1.224489795918367457e-01 2.827965435978004871e-01 4.048582995951417046e-02 6.400000000000000133e-01 3.639097744360900721e-01
0.000000000000000000e+00 3.246753246753246724e-01 1.020408163265306145e-01 2.356637863315003967e-01 5.060728744939271134e-02 8.000000000000000444e-01 3.488721804511276670e-01
0.000000000000000000e+00 2.597402597402597157e-01 8.163265306122448328e-02 1.885310290652003340e-01 6.072874493927125222e-02 6.400000000000000133e-01 3.338345864661652618e-01
0.000000000000000000e+00 1.948051948051948146e-01 6.122448979591837287e-02 1.413982717989002436e-01 7.085020242914980004e-02 4.799999999999999822e-01 3.338345864661652618e-01
0.000000000000000000e+00 6.493506493506492894e-02 2.040816326530612082e-02 4.713275726630008350e-02 9.109311740890688180e-02 1.600000000000000033e-01 3.187969924812028566e-01
0.000000000000000000e+00 6.307977736549165160e-01 1.814058956916099752e-01 4.111023828227284849e-01 3.373819163292847683e-03 8.000000000000000167e-02 7.398496240601502016e-01
0.000000000000000000e+00 6.122448979591836871e-01 1.587301587301587213e-01 3.508771929824561764e-01 6.747638326585695366e-03 1.600000000000000033e-01 7.864661654135339797e-01
0.000000000000000000e+00 5.936920222634508582e-01 1.360544217687074675e-01 2.906520031421838124e-01 1.012145748987854262e-02 2.399999999999999911e-01 8.150375939849622275e-01
0.000000000000000000e+00 5.565862708719852003e-01 9.070294784580498759e-02 1.702016234616391954e-01 1.686909581646423711e-02 4.000000000000000222e-01 8.631578947368417909e-01
0.000000000000000000e+00 5.380333951762523714e-01 6.802721088435373376e-02 1.099764336213668592e-01 2.024291497975708523e-02 3.200000000000000067e-01 8.781954887218041961e-01
0.000000000000000000e+00 5.194805194805194315e-01 4.535147392290249380e-02 4.975124378109452988e-02 2.361673414304992988e-02 2.399999999999999911e-01 8.781954887218041961e-01
0.000000000000000000e+00 5.009276437847867136e-01 2.267573696145124690e-02 1.047394605917779595e-02 2.699055330634278146e-02 1.600000000000000033e-01 9.052631578947366586e-01
0.000000000000000000e+00 2.504638218923933568e-01 0.000000000000000000e+00 1.139041633935585218e-01 0.000000000000000000e+00 4.000000000000000083e-02 3.834586466165413321e-01
0.000000000000000000e+00 2.226345083487940579e-01 0.000000000000000000e+00 9.688400104739461338e-02 0.000000000000000000e+00 8.000000000000000167e-02 4.135338345864661425e-01
0.000000000000000000e+00 1.948051948051948146e-01 0.000000000000000000e+00 7.986383870123069106e-02 0.000000000000000000e+00 1.199999999999999956e-01 4.150375939849627605e-01
0.000000000000000000e+00 1.669758812615955712e-01 0.000000000000000000e+00 6.284367635506676875e-02 0.000000000000000000e+00 1.600000000000000033e-01 3.849624060150379501e-01
0.000000000000000000e+00 1.113172541743970290e-01 0.000000000000000000e+00 2.880335166273894146e-02 0.000000000000000000e+00 1.600000000000000033e-01 3.849624060150379501e-01
0.000000000000000000e+00 8.348794063079778560e-02 0.000000000000000000e+00 1.178318931657502087e-02 0.000000000000000000e+00 1.199999999999999956e-01 3.849624060150379501e-01
0.000000000000000000e+00 5.565862708719851448e-02 0.000000000000000000e+00 5.236973029588897974e-03 0.000000000000000000e+00 8.000000000000000167e-02 3.849624060150379501e-01
0.000000000000000000e+00 2.782931354359925724e-02 0.000000000000000000e+00 2.225713537575281509e-02 0.000000000000000000e+00 4.000000000000000083e-02 3.849624060150379501e-01
0.000000000000000000e+00 1.669758812615955434e-02 0.000000000000000000e+00 2.906520031421838679e-02 0.000000000000000000e+00 2.400000000000000050e-02 3.699248120300755449e-01
0.000000000000000000e+00 1.113172541743970290e-02 0.000000000000000000e+00 3.246923278345116570e-02 0.000000000000000000e+00 1.600000000000000033e-02 3.849624060150379501e-01
0.000000000000000000e+00 5.565862708719851448e-03 0.000000000000000000e+00 3.587326525268395155e-02 0.000000000000000000e+00 8.000000000000000167e-03 3.699248120300755449e-01
0.000000000000000000e+00 2.727272727272727626e-01 0.000000000000000000e+00 1.283058392249279978e-01 2.024291497975708523e-03 2.400000000000000050e-02 3.488721804511276670e-01
0.000000000000000000e+00 2.504638218923933568e-01 0.000000000000000000e+00 1.178318931657501983e-01 1.012145748987854262e-02 1.199999999999999956e-01 3.187969924812028566e-01
0.000000000000000000e+00 2.226345083487940579e-01 0.000000000000000000e+00 1.047394605917779525e-01 2.024291497975708523e-02 2.399999999999999911e-01 2.872180451127823164e-01
0.000000000000000000e+00 1.948051948051948146e-01 0.000000000000000000e+00 9.164702801780572061e-02 3.036437246963562611e-02 3.599999999999999867e-01 2.571428571428575061e-01
0.000000000000000000e+00 1.669758812615955712e-01 0.000000000000000000e+00 7.855459544383347481e-02 4.048582995951417046e-02 4.799999999999999822e-01 2.421052631578950731e-01
0.000000000000000000e+00 1.113172541743970290e-01 0.000000000000000000e+00 5.236973029588897627e-02 6.072874493927125222e-02 4.799999999999999822e-01 2.421052631578950731e-01
0.000000000000000000e+00 8.348794063079778560e-02 0.000000000000000000e+00 3.927729772191673741e-02 7.085020242914980004e-02 3.599999999999999867e-01 2.421052631578950731e-01
0.000000000000000000e+00 5.565862708719851448e-02 0.000000000000000000e+00 2.618486514794448813e-02 8.097165991902834092e-02 2.399999999999999911e-01 2.270676691729326679e-01
0.000000000000000000e+00 2.782931354359925724e-02 0.000000000000000000e+00 1.309243257397224407e-02 9.109311740890688180e-02 1.199999999999999956e-01 2.270676691729326679e-01
8.000000000000000444e-01 5.565862708719851448e-02 5.442176870748299117e-02 2.618486514794448813e-02 5.398110661268556293e-02 2.000000000000000111e-01 1.609022556390975744e-01
6.999999999999999556e-01 8.348794063079778560e-02 4.761904761904761640e-02 3.927729772191673741e-02 4.723346828609985976e-02 2.999999999999999889e-01 1.684210526315787770e-01
6.000000000000000888e-01 1.113172541743970290e-01 4.081632653061224164e-02 5.236973029588897627e-02 4.048582995951417046e-02 4.000000000000000222e-01 1.684210526315787770e-01
5.000000000000000000e-01 1.391465677179963001e-01 3.401360544217686688e-02 6.546216286986122901e-02 3.373819163292847423e-02 5.000000000000000000e-01 1.834586466165411822e-01
3.000000000000000444e-01 1.948051948051948146e-01 2.040816326530612082e-02 9.164702801780572061e-02 2.024291497975708523e-02 2.999999999999999889e-01 2.436090225563908029e-01
1.999999999999999556e-01 2.226345083487940579e-01 1.360544217687074779e-02 1.047394605917779525e-01 1.349527665317139073e-02 2.000000000000000111e-01 2.887218045112780462e-01
1.000000000000000888e-01 2.504638218923933568e-01 6.802721088435373896e-03 1.178318931657501983e-01 6.747638326585695366e-03 1.000000000000000056e-01 3.037593984962404514e-01
0.000000000000000000e+00 7.513914656771799594e-01 4.081632653061224580e-01 6.441476826394344490e-01 6.072874493927125222e-02 4.000000000000000083e-02 6.631578947368425014e-01
0.000000000000000000e+00 5.844155844155843882e-01 3.174603174603174427e-01 4.922754647813564199e-01 4.723346828609985976e-02 1.199999999999999956e-01 4.526315789473687734e-01
0.000000000000000000e+00 5.009276437847867136e-01 2.721088435374149350e-01 4.163393558523174054e-01 4.048582995951417046e-02 1.600000000000000033e-01 3.924812030075191527e-01
0.000000000000000000e+00 4.174397031539888725e-01 2.267573696145124551e-01 3.404032469232783908e-01 3.373819163292847423e-02 2.000000000000000111e-01 3.894736842105259722e-01
0.000000000000000000e+00 3.339517625231911424e-01 1.814058956916099752e-01 2.644671379942393208e-01 2.699055330634278146e-02 1.600000000000000033e-01 3.744360902255635670e-01
0.000000000000000000e+00 1.669758812615955712e-01 9.070294784580498759e-02 1.125949201361613056e-01 1.349527665317139073e-02 8.000000000000000167e-02 3.443609022556387567e-01
0.000000000000000000e+00 8.348794063079778560e-02 4.535147392290249380e-02 3.665881120712228408e-02 6.747638326585695366e-03 4.000000000000000083e-02 3.293233082706763515e-01
0.000000000000000000e+00 8.181818181818182323e-01 4.444444444444444753e-01 7.056821157371039321e-01 6.815114709851552433e-02 3.599999999999999728e-02 8.451127819548870379e-01
0.000000000000000000e+00 7.847866419294992069e-01 4.263038548752834389e-01 6.768787640743650913e-01 6.950067476383266218e-02 1.080000000000000127e-01 7.097744360902253913e-01
0.000000000000000000e+00 6.679035250463822848e-01 3.628117913832199504e-01 5.760670332547788153e-01 7.422402159244265163e-02 3.599999999999999867e-01 4.992481203007517188e-01
0.000000000000000000e+00 5.844155844155843882e-01 3.174603174603174427e-01 5.040586540979313801e-01 7.759784075573548934e-02 5.400000000000000355e-01 4.240601503759396929e-01
0.000000000000000000e+00 5.009276437847867136e-01 2.721088435374149350e-01 4.320502749410840559e-01 8.097165991902834092e-02 7.199999999999999734e-01 3.939849624060148825e-01
0.000000000000000000e+00 4.174397031539888725e-01 2.267573696145124551e-01 3.600418957842367318e-01 8.434547908232119251e-02 9.000000000000000222e-01 3.639097744360900721e-01
0.000000000000000000e+00 2.504638218923933568e-01 1.360544217687074675e-01 2.160251374705420280e-01 9.109311740890688180e-02 5.400000000000000355e-01 3.488721804511276670e-01
0.000000000000000000e+00 1.669758812615955712e-01 9.070294784580498759e-02 1.440167583136947038e-01 9.446693657219971951e-02 3.599999999999999867e-01 3.338345864661652618e-01
0.000000000000000000e+00 8.348794063079778560e-02 4.535147392290249380e-02 7.200837915684735191e-02 9.784075573549257110e-02 1.799999999999999933e-01 3.338345864661652618e-01
8.999999999999999112e-01 8.348794063079778560e-02 1.587301587301587213e-02 7.200837915684735191e-02 6.747638326585694846e-02 1.000000000000000056e-01 1.939849624060147049e-01
6.999999999999999556e-01 2.504638218923933568e-01 8.843537414965986498e-02 2.160251374705420280e-01 6.747638326585694846e-02 2.999999999999999889e-01 2.360902255639096003e-01
6.000000000000000888e-01 3.339517625231911424e-01 1.405895691609977405e-01 2.880335166273894076e-01 6.747638326585694846e-02 4.000000000000000222e-01 2.345864661654138705e-01
5.000000000000000000e-01 4.174397031539888725e-01 1.927437641723356021e-01 3.600418957842367318e-01 6.747638326585694846e-02 5.000000000000000000e-01 2.646616541353387086e-01
3.999999999999999112e-01 5.009276437847867136e-01 2.448979591836734915e-01 4.320502749410840559e-01 6.747638326585694846e-02 4.000000000000000222e-01 2.646616541353387086e-01
1.999999999999999556e-01 6.679035250463822848e-01 3.492063492063491870e-01 5.760670332547788153e-01 6.747638326585694846e-02 2.000000000000000111e-01 3.248120300751883294e-01
1.000000000000000888e-01 7.513914656771799594e-01 4.013605442176870208e-01 6.480754124116261394e-01 6.747638326585694846e-02 1.000000000000000056e-01 5.353383458646620019e-01
2.000000000000001776e-02 8.181818181818182323e-01 4.430839002267573101e-01 7.056821157371039321e-01 6.747638326585694846e-02 2.000000000000000042e-02 8.360902255639101055e-01
2.000000000000001776e-02 0.000000000000000000e+00 1.360544217687074736e-03 0.000000000000000000e+00 9.986504723346828483e-02 2.000000000000000042e-02 3.007518796992481036e-01
6.000000000000005329e-02 0.000000000000000000e+00 4.081632653061223991e-03 0.000000000000000000e+00 9.716599190283400911e-02 5.999999999999999778e-02 2.706766917293232932e-01
1.000000000000000888e-01 0.000000000000000000e+00 6.802721088435373896e-03 0.000000000000000000e+00 9.446693657219971951e-02 1.000000000000000056e-01 2.556390977443608881e-01
1.999999999999999556e-01 0.000000000000000000e+00 1.360544217687074779e-02 0.000000000000000000e+00 8.771929824561403022e-02 2.000000000000000111e-01 2.255639097744360777e-01
3.000000000000000444e-01 0.000000000000000000e+00 2.040816326530612082e-02 0.000000000000000000e+00 8.097165991902834092e-02 2.999999999999999889e-01 2.240601503759395152e-01
5.000000000000000000e-01 0.000000000000000000e+00 3.401360544217686688e-02 0.000000000000000000e+00 6.747638326585694846e-02 5.000000000000000000e-01 1.789473684210522997e-01
6.000000000000000888e-01 0.000000000000000000e+00 4.081632653061224164e-02 0.000000000000000000e+00 6.072874493927125222e-02 4.000000000000000222e-01 1.488721804511274893e-01
6.999999999999999556e-01 0.000000000000000000e+00 4.761904761904761640e-02 0.000000000000000000e+00 5.398110661268556293e-02 2.999999999999999889e-01 1.338345864661650841e-01
8.000000000000000444e-01 0.000000000000000000e+00 5.442176870748299117e-02 0.000000000000000000e+00 4.723346828609985976e-02 2.000000000000000111e-01 1.338345864661650841e-01
8.999999999999999112e-01 8.348794063079778560e-02 4.535147392290249380e-02 7.200837915684735191e-02 3.711201079622132304e-01 1.600000000000000033e-01 1.593984962406018446e-01
8.000000000000000444e-01 1.669758812615955712e-01 9.070294784580498759e-02 1.440167583136947038e-01 3.373819163292847700e-01 3.200000000000000067e-01 1.593984962406018446e-01
6.999999999999999556e-01 2.504638218923933568e-01 1.360544217687074675e-01 2.160251374705420280e-01 3.036437246963562542e-01 4.799999999999999822e-01 1.443609022556394395e-01
6.000000000000000888e-01 3.339517625231911424e-01 1.814058956916099752e-01 2.880335166273894076e-01 2.699055330634277938e-01 6.400000000000000133e-01 1.744360902255642498e-01
3.999999999999999112e-01 5.009276437847867136e-01 2.721088435374149350e-01 4.320502749410840559e-01 2.024291497975708454e-01 6.400000000000000133e-01 1.684210526315787770e-01
3.000000000000000444e-01 5.844155844155843882e-01 3.174603174603174427e-01 5.040586540979313801e-01 1.686909581646423850e-01 4.799999999999999822e-01 2.045112781954890602e-01
1.999999999999999556e-01 6.679035250463822848e-01 3.628117913832199504e-01 5.760670332547788153e-01 1.349527665317138969e-01 3.200000000000000067e-01 3.097744360902259242e-01
1.000000000000000888e-01 7.513914656771799594e-01 4.081632653061224580e-01 6.480754124116261394e-01 1.012145748987854227e-01 1.600000000000000033e-01 4.451127819548875708e-01
1.000000000000000000e+00 0.000000000000000000e+00 6.893424036281178280e-01 0.000000000000000000e+00 2.429149797570850089e-01 3.200000000000000067e-01 3.308270676691729140e-01
1.000000000000000000e+00 0.000000000000000000e+00 6.031746031746031411e-01 0.000000000000000000e+00 2.631578947368420907e-01 4.799999999999999822e-01 2.706766917293232932e-01
1.000000000000000000e+00 0.000000000000000000e+00 5.170068027210884543e-01 0.000000000000000000e+00 2.834008097165992002e-01 6.400000000000000133e-01 2.406015037593984829e-01
1.000000000000000000e+00 0.000000000000000000e+00 4.308390022675736564e-01 0.000000000000000000e+00 3.036437246963562542e-01 8.000000000000000444e-01 2.105263157894736725e-01
1.000000000000000000e+00 0.000000000000000000e+00 2.585034013605442271e-01 0.000000000000000000e+00 3.441295546558704177e-01 4.799999999999999822e-01 1.654135338345864570e-01
1.000000000000000000e+00 0.000000000000000000e+00 1.723356009070294570e-01 0.000000000000000000e+00 3.643724696356275272e-01 3.200000000000000067e-01 1.503759398496240518e-01
1.000000000000000000e+00 0.000000000000000000e+00 8.616780045351472850e-02 0.000000000000000000e+00 3.846153846153846367e-01 1.600000000000000033e-01 1.353383458646616466e-01
2.000000000000001776e-02 6.363636363636364646e-01 2.000000000000000111e-01 4.619010212097408030e-01 2.024291497975708523e-02 3.599999999999999728e-02 6.932330827067673118e-01
1.000000000000000888e-01 5.844155844155843882e-01 1.836734693877550839e-01 4.241948153967007307e-01 1.012145748987854227e-01 1.799999999999999933e-01 5.413533834586465865e-01
1.999999999999999556e-01 5.194805194805194315e-01 1.632653061224489666e-01 3.770620581304006680e-01 2.024291497975708454e-01 3.599999999999999867e-01 4.661654135338345606e-01
3.000000000000000444e-01 4.545454545454545858e-01 1.428571428571428492e-01 3.299293008641005498e-01 3.036437246963562542e-01 5.400000000000000355e-01 3.909774436090225347e-01
3.999999999999999112e-01 3.896103896103896291e-01 1.224489795918367457e-01 2.827965435978004871e-01 4.048582995951416907e-01 7.199999999999999734e-01 4.060150375939849399e-01
6.000000000000000888e-01 2.597402597402597157e-01 8.163265306122448328e-02 1.885310290652003340e-01 6.072874493927125084e-01 7.199999999999999734e-01 3.924812030075191527e-01
6.999999999999999556e-01 1.948051948051948146e-01 6.122448979591837287e-02 1.413982717989002436e-01 7.085020242914980004e-01 5.400000000000000355e-01 3.924812030075191527e-01
8.000000000000000444e-01 1.298701298701298579e-01 4.081632653061224164e-02 9.426551453260016700e-02 8.097165991902833815e-01 3.599999999999999867e-01 3.924812030075191527e-01
8.999999999999999112e-01 6.493506493506492894e-02 2.040816326530612082e-02 4.713275726630008350e-02 9.109311740890687625e-01 1.799999999999999933e-01 3.924812030075191527e-01
1.000000000000000000e+00 0.000000000000000000e+00 0.000000000000000000e+00 0.000000000000000000e+00 4.655870445344129638e-01 0.000000000000000000e+00 1.503759398496240518e-01
1.000000000000000000e+00 0.000000000000000000e+00 0.000000000000000000e+00 0.000000000000000000e+00 5.263157894736841813e-01 0.000000000000000000e+00 1.804511278195488622e-01
1.000000000000000000e+00 0.000000000000000000e+00 0.000000000000000000e+00 0.000000000000000000e+00 5.870445344129554543e-01 0.000000000000000000e+00 1.804511278195488622e-01
1.000000000000000000e+00 0.000000000000000000e+00 0.000000000000000000e+00 0.000000000000000000e+00 6.477732793522267274e-01 0.000000000000000000e+00 2.105263157894736725e-01
1.000000000000000000e+00 0.000000000000000000e+00 0.000000000000000000e+00 0.000000000000000000e+00 7.692307692307692735e-01 0.000000000000000000e+00 2.556390977443608881e-01
1.000000000000000000e+00 0.000000000000000000e+00 0.000000000000000000e+00 0.000000000000000000e+00 8.299595141700405465e-01 0.000000000000000000e+00 3.007518796992481036e-01
1.000000000000000000e+00 0.000000000000000000e+00 0.000000000000000000e+00 0.000000000000000000e+00 8.906882591093117085e-01 0.000000000000000000e+00 3.308270676691729140e-01
1.000000000000000000e+00 0.000000000000000000e+00 0.000000000000000000e+00 0.000000000000000000e+00 9.514170040485829816e-01 0.000000000000000000e+00 3.609022556390977243e-01
1.000000000000000000e+00 0.000000000000000000e+00 0.000000000000000000e+00 0.000000000000000000e+00 1.000000000000000000e+00 0.000000000000000000e+00 4.060150375939849399e-01
9.799999999999999822e-01 5.565862708719851448e-03 0.000000000000000000e+00 2.618486514794448987e-03 9.919028340080970896e-01 3.599999999999999728e-02 3.503759398496242294e-01
8.999999999999999112e-01 2.782931354359925724e-02 0.000000000000000000e+00 1.309243257397224407e-02 9.109311740890687625e-01 1.799999999999999933e-01 3.203007518796994191e-01
8.000000000000000444e-01 5.565862708719851448e-02 0.000000000000000000e+00 2.618486514794448813e-02 8.097165991902833815e-01 3.599999999999999867e-01 2.902255639097746087e-01
6.000000000000000888e-01 1.113172541743970290e-01 0.000000000000000000e+00 5.236973029588897627e-02 6.072874493927125084e-01 7.199999999999999734e-01 2.751879699248122035e-01
5.000000000000000000e-01 1.391465677179963001e-01 0.000000000000000000e+00 6.546216286986122901e-02 5.060728744939271273e-01 9.000000000000000222e-01 2.751879699248122035e-01
3.999999999999999112e-01 1.669758812615955712e-01 0.000000000000000000e+00 7.855459544383347481e-02 4.048582995951416907e-01 7.199999999999999734e-01 2.751879699248122035e-01
3.000000000000000444e-01 1.948051948051948146e-01 0.000000000000000000e+00 9.164702801780572061e-02 3.036437246963562542e-01 5.400000000000000355e-01 2.751879699248122035e-01
1.000000000000000888e-01 2.504638218923933568e-01 0.000000000000000000e+00 1.178318931657501983e-01 1.012145748987854227e-01 1.799999999999999933e-01 2.751879699248122035e-01
2.000000000000001776e-02 2.727272727272727626e-01 0.000000000000000000e+00 1.283058392249279978e-01 2.024291497975708523e-02 3.599999999999999728e-02 3.052631578947370139e-01
2.000000000000001776e-02 0.000000000000000000e+00 0.000000000000000000e+00 3.849175176747839794e-02 8.097165991902834092e-03 0.000000000000000000e+00 3.323308270676695320e-01
1.000000000000000888e-01 0.000000000000000000e+00 0.000000000000000000e+00 3.534956794972506089e-02 4.048582995951417046e-02 0.000000000000000000e+00 1.353383458646616466e-01
3.000000000000000444e-01 0.000000000000000000e+00 0.000000000000000000e+00 2.749410840534171480e-02 1.214574898785425044e-01 0.000000000000000000e+00 7.518796992481202590e-02
3.999999999999999112e-01 0.000000000000000000e+00 0.000000000000000000e+00 2.356637863315004175e-02 1.619433198380566818e-01 0.000000000000000000e+00 6.015037593984962072e-02
5.000000000000000000e-01 0.000000000000000000e+00 0.000000000000000000e+00 1.963864886095836870e-02 2.024291497975708454e-01 0.000000000000000000e+00 6.015037593984962072e-02
6.000000000000000888e-01 0.000000000000000000e+00 0.000000000000000000e+00 1.571091908876669219e-02 2.429149797570850089e-01 0.000000000000000000e+00 6.015037593984962072e-02
8.000000000000000444e-01 0.000000000000000000e+00 0.000000000000000000e+00 7.855459544383346093e-03 3.238866396761133637e-01 0.000000000000000000e+00 6.165413533834620402e-02
8.999999999999999112e-01 0.000000000000000000e+00 0.000000000000000000e+00 3.927729772191673047e-03 3.643724696356275272e-01 0.000000000000000000e+00 6.165413533834620402e-02
9.799999999999999822e-01 0.000000000000000000e+00 0.000000000000000000e+00 7.855459544383346961e-04 3.967611336032388358e-01 0.000000000000000000e+00 6.165413533834620402e-02
2.000000000000001776e-02 4.545454545454545858e-01 4.444444444444443920e-02 2.694422623723487509e-01 8.097165991902834092e-03 3.200000000000000067e-02 5.293233082706765291e-01
6.000000000000005329e-02 4.359925788497217569e-01 4.263038548752834389e-02 2.584446190102120955e-01 2.429149797570850228e-02 9.600000000000000200e-02 3.789473684210524773e-01
1.000000000000000888e-01 4.174397031539888725e-01 4.081632653061224164e-02 2.474469756480754123e-01 4.048582995951417046e-02 1.600000000000000033e-01 3.172932330827071268e-01
1.999999999999999556e-01 3.710575139146568002e-01 3.628117913832199642e-02 2.199528672427337184e-01 8.097165991902834092e-02 3.200000000000000067e-01 2.120300751879702628e-01
3.000000000000000444e-01 3.246753246753246724e-01 3.174603174603174427e-02 1.924587588373919966e-01 1.214574898785425044e-01 4.799999999999999822e-01 1.819548872180454524e-01
5.000000000000000000e-01 2.319109461966605001e-01 2.267573696145124690e-02 1.374705420267085809e-01 2.024291497975708454e-01 8.000000000000000444e-01 1.383458646616539667e-01
6.000000000000000888e-01 1.855287569573284001e-01 1.814058956916099821e-02 1.099764336213668592e-01 2.429149797570850089e-01 6.400000000000000133e-01 1.383458646616539667e-01
6.999999999999999556e-01 1.391465677179963001e-01 1.360544217687074779e-02 8.248232521602513745e-02 2.834008097165992002e-01 4.799999999999999822e-01 1.383458646616539667e-01
8.000000000000000444e-01 9.276437847866420006e-02 9.070294784580499106e-03 5.498821681068342959e-02 3.238866396761133637e-01 3.200000000000000067e-01 1.383458646616539667e-01
2.000000000000001776e-02 4.545454545454545858e-01 1.360544217687074736e-03 2.694422623723487509e-01 6.747638326585694716e-04 2.000000000000000042e-02 7.112781954887219538e-01
1.000000000000000888e-01 4.174397031539888725e-01 6.802721088435373896e-03 2.474469756480754123e-01 3.373819163292847683e-03 1.000000000000000056e-01 5.157894736842106864e-01
1.999999999999999556e-01 3.710575139146568002e-01 1.360544217687074779e-02 2.199528672427337184e-01 6.747638326585695366e-03 2.000000000000000111e-01 3.954887218045114450e-01
3.000000000000000444e-01 3.246753246753246724e-01 2.040816326530612082e-02 1.924587588373919966e-01 1.012145748987854262e-02 2.999999999999999889e-01 3.052631578947370139e-01
5.000000000000000000e-01 2.319109461966605001e-01 3.401360544217686688e-02 1.374705420267085809e-01 1.686909581646423711e-02 5.000000000000000000e-01 2.451127819548873932e-01
6.000000000000000888e-01 1.855287569573284001e-01 4.081632653061224164e-02 1.099764336213668592e-01 2.024291497975708523e-02 4.000000000000000222e-01 2.000000000000001776e-01
6.999999999999999556e-01 1.391465677179963001e-01 4.761904761904761640e-02 8.248232521602513745e-02 2.361673414304992988e-02 2.999999999999999889e-01 2.000000000000001776e-01
8.000000000000000444e-01 9.276437847866420006e-02 5.442176870748299117e-02 5.498821681068342959e-02 2.699055330634278146e-02 2.000000000000000111e-01 1.699248120300753673e-01
0.000000000000000000e+00 1.000000000000000000e+00 1.000000000000000000e+00 1.000000000000000000e+00 2.645074224021592424e-01 1.600000000000000033e-02 1.000000000000000000e+00
0.000000000000000000e+00 9.591836734693878208e-01 9.591836734693877098e-01 9.575805184603299880e-01 2.537112010796221395e-01 4.800000000000000100e-02 8.345864661654135430e-01
0.000000000000000000e+00 9.183673469387756416e-01 9.183673469387755306e-01 9.151610369206599760e-01 2.429149797570850089e-01 8.000000000000000167e-02 6.992481203007518964e-01
0.000000000000000000e+00 8.163265306122450271e-01 8.163265306122449161e-01 8.091123330714846684e-01 2.159244264507422517e-01 1.600000000000000033e-01 5.187969924812030342e-01
0.000000000000000000e+00 6.122448979591836871e-01 6.122448979591836871e-01 5.970149253731343864e-01 1.619433198380566818e-01 3.200000000000000067e-01 4.436090225563909528e-01
0.000000000000000000e+00 5.102040816326530726e-01 5.102040816326530726e-01 4.909662215239591898e-01 1.349527665317138969e-01 4.000000000000000222e-01 3.984962406015037373e-01
0.000000000000000000e+00 4.081632653061225136e-01 4.081632653061224580e-01 3.849175176747839933e-01 1.079622132253711259e-01 3.200000000000000067e-01 4.135338345864661425e-01
0.000000000000000000e+00 3.061224489795918435e-01 3.061224489795918435e-01 2.788688138256087967e-01 8.097165991902834092e-02 2.399999999999999911e-01 3.984962406015037373e-01
0.000000000000000000e+00 1.020408163265306284e-01 1.020408163265306145e-01 6.677140612725844526e-02 2.699055330634278146e-02 8.000000000000000167e-02 3.834586466165413321e-01
0.000000000000000000e+00 4.601113172541744234e-01 0.000000000000000000e+00 2.668237758575543461e-01 0.000000000000000000e+00 1.600000000000000033e-02 7.804511278195485069e-01
0.000000000000000000e+00 4.452690166975881159e-01 0.000000000000000000e+00 2.343545430741031665e-01 0.000000000000000000e+00 8.000000000000000167e-02 6.902255639097740758e-01
0.000000000000000000e+00 4.267161410018552870e-01 0.000000000000000000e+00 1.937680020947892268e-01 0.000000000000000000e+00 1.600000000000000033e-01 6.150375939849620499e-01
0.000000000000000000e+00 3.896103896103896291e-01 0.000000000000000000e+00 1.125949201361613056e-01 0.000000000000000000e+00 3.200000000000000067e-01 5.248120300751876188e-01
0.000000000000000000e+00 3.710575139146568002e-01 0.000000000000000000e+00 7.200837915684735191e-02 0.000000000000000000e+00 4.000000000000000222e-01 4.947368421052628085e-01
0.000000000000000000e+00 3.525046382189239158e-01 0.000000000000000000e+00 3.142183817753338437e-02 0.000000000000000000e+00 3.200000000000000067e-01 4.796992481203004033e-01
0.000000000000000000e+00 3.339517625231911424e-01 0.000000000000000000e+00 9.164702801780571020e-03 0.000000000000000000e+00 2.399999999999999911e-01 4.796992481203004033e-01
0.000000000000000000e+00 2.968460111317254291e-01 0.000000000000000000e+00 9.033778476040849048e-02 0.000000000000000000e+00 8.000000000000000167e-02 4.496240601503755929e-01
2.000000000000001776e-02 4.545454545454545858e-01 0.000000000000000000e+00 2.694422623723487509e-01 2.024291497975708523e-02 3.599999999999999728e-02 6.255639097744364330e-01
6.000000000000005329e-02 4.359925788497217569e-01 0.000000000000000000e+00 2.584446190102120955e-01 6.072874493927125222e-02 1.080000000000000127e-01 4.601503759398499760e-01
1.000000000000000888e-01 4.174397031539888725e-01 0.000000000000000000e+00 2.474469756480754123e-01 1.012145748987854227e-01 1.799999999999999933e-01 4.150375939849627605e-01
3.000000000000000444e-01 3.246753246753246724e-01 0.000000000000000000e+00 1.924587588373919966e-01 3.036437246963562542e-01 5.400000000000000355e-01 4.000000000000003553e-01
3.999999999999999112e-01 2.782931354359926002e-01 0.000000000000000000e+00 1.649646504320502749e-01 4.048582995951416907e-01 7.199999999999999734e-01 3.699248120300755449e-01
5.000000000000000000e-01 2.319109461966605001e-01 0.000000000000000000e+00 1.374705420267085809e-01 5.060728744939271273e-01 9.000000000000000222e-01 3.849624060150379501e-01
6.000000000000000888e-01 1.855287569573284001e-01 0.000000000000000000e+00 1.099764336213668592e-01 6.072874493927125084e-01 7.199999999999999734e-01 3.548872180451131397e-01
8.000000000000000444e-01 9.276437847866420006e-02 0.000000000000000000e+00 5.498821681068342959e-02 8.097165991902833815e-01 3.599999999999999867e-01 3.699248120300755449e-01
8.999999999999999112e-01 4.638218923933210003e-02 0.000000000000000000e+00 2.749410840534171480e-02 9.109311740890687625e-01 1.799999999999999933e-01 3.548872180451131397e-01
1.000000000000000888e-01 2.504638218923933568e-01 6.802721088435373896e-03 3.534956794972506089e-02 3.373819163292847683e-03 0.000000000000000000e+00 6.676691729323305236e-01
1.999999999999999556e-01 2.226345083487940579e-01 1.360544217687074779e-02 3.142183817753338437e-02 6.747638326585695366e-03 0.000000000000000000e+00 5.473684210526312821e-01
3.999999999999999112e-01 1.669758812615955712e-01 2.721088435374149558e-02 2.356637863315004175e-02 1.349527665317139073e-02 0.000000000000000000e+00 3.368421052631575541e-01
5.000000000000000000e-01 1.391465677179963001e-01 3.401360544217686688e-02 1.963864886095836870e-02 1.686909581646423711e-02 0.000000000000000000e+00 2.466165413533831230e-01
6.000000000000000888e-01 1.113172541743970290e-01 4.081632653061224164e-02 1.571091908876669219e-02 2.024291497975708523e-02 0.000000000000000000e+00 2.015037593984959075e-01
6.999999999999999556e-01 8.348794063079778560e-02 4.761904761904761640e-02 1.178318931657502087e-02 2.361673414304992988e-02 0.000000000000000000e+00 2.015037593984959075e-01
8.999999999999999112e-01 2.782931354359925724e-02 6.122448979591837287e-02 3.927729772191673047e-03 3.036437246963562611e-02 0.000000000000000000e+00 1.413533834586462867e-01
1.000000000000000888e-01 0.000000000000000000e+00 6.802721088435373896e-03 3.534956794972506089e-02 3.373819163292847683e-03 0.000000000000000000e+00 3.067669172932327437e-01
1.999999999999999556e-01 0.000000000000000000e+00 1.360544217687074779e-02 3.142183817753338437e-02 6.747638326585695366e-03 0.000000000000000000e+00 2.766917293233079334e-01
3.000000000000000444e-01 0.000000000000000000e+00 2.040816326530612082e-02 2.749410840534171480e-02 1.012145748987854262e-02 0.000000000000000000e+00 2.466165413533831230e-01
5.000000000000000000e-01 0.000000000000000000e+00 3.401360544217686688e-02 1.963864886095836870e-02 1.686909581646423711e-02 0.000000000000000000e+00 1.864661654135335023e-01
6.000000000000000888e-01 0.000000000000000000e+00 4.081632653061224164e-02 1.571091908876669219e-02 2.024291497975708523e-02 0.000000000000000000e+00 1.864661654135335023e-01
6.999999999999999556e-01 0.000000000000000000e+00 4.761904761904761640e-02 1.178318931657502087e-02 2.361673414304992988e-02 0.000000000000000000e+00 1.714285714285710971e-01
8.000000000000000444e-01 0.000000000000000000e+00 5.442176870748299117e-02 7.855459544383346093e-03 2.699055330634278146e-02 0.000000000000000000e+00 1.563909774436086919e-01
8.999999999999999112e-01 5.009276437847867136e-01 0.000000000000000000e+00 2.435192458758837775e-01 0.000000000000000000e+00 0.000000000000000000e+00 4.120300751879695800e-01
8.000000000000000444e-01 4.452690166975881159e-01 0.000000000000000000e+00 2.120974076983503653e-01 0.000000000000000000e+00 0.000000000000000000e+00 4.120300751879695800e-01
6.999999999999999556e-01 3.896103896103896291e-01 0.000000000000000000e+00 1.806755695208169810e-01 0.000000000000000000e+00 0.000000000000000000e+00 3.984962406015037373e-01
6.000000000000000888e-01 3.339517625231911424e-01 0.000000000000000000e+00 1.492537313432835966e-01 0.000000000000000000e+00 0.000000000000000000e+00 3.984962406015037373e-01
3.999999999999999112e-01 2.226345083487940579e-01 0.000000000000000000e+00 8.641005498821681396e-02 0.000000000000000000e+00 0.000000000000000000e+00 3.669172932330823644e-01
3.000000000000000444e-01 1.669758812615955712e-01 0.000000000000000000e+00 5.498821681068342959e-02 0.000000000000000000e+00 0.000000000000000000e+00 3.684210526315789269e-01
1.999999999999999556e-01 1.113172541743970290e-01 0.000000000000000000e+00 2.356637863315004175e-02 0.000000000000000000e+00 0.000000000000000000e+00 3.684210526315789269e-01
1.000000000000000888e-01 5.565862708719851448e-02 0.000000000000000000e+00 7.855459544383346093e-03 0.000000000000000000e+00 0.000000000000000000e+00 3.533834586466165217e-01
1.000000000000000000e+00 4.452690166975881159e-01 1.360544217687074779e-02 2.199528672427337184e-01 6.747638326585695366e-03 0.000000000000000000e+00 2.962406015037592488e-01
1.000000000000000000e+00 3.896103896103896291e-01 2.040816326530612082e-02 1.924587588373919966e-01 1.012145748987854262e-02 0.000000000000000000e+00 2.511278195488720333e-01
1.000000000000000000e+00 3.339517625231911424e-01 2.721088435374149558e-02 1.649646504320502749e-01 1.349527665317139073e-02 0.000000000000000000e+00 2.195488721804514654e-01
1.000000000000000000e+00 2.782931354359926002e-01 3.401360544217686688e-02 1.374705420267085809e-01 1.686909581646423711e-02 0.000000000000000000e+00 2.045112781954890602e-01
1.000000000000000000e+00 1.669758812615955712e-01 4.761904761904761640e-02 8.248232521602513745e-02 2.361673414304992988e-02 0.000000000000000000e+00 1.834586466165411822e-01
1.000000000000000000e+00 1.113172541743970290e-01 5.442176870748299117e-02 5.498821681068342959e-02 2.699055330634278146e-02 0.000000000000000000e+00 1.593984962406018446e-01
1.000000000000000000e+00 5.565862708719851448e-02 6.122448979591837287e-02 2.749410840534171480e-02 3.036437246963562611e-02 0.000000000000000000e+00 1.593984962406018446e-01
1.000000000000000888e-01 5.844155844155843882e-01 1.768707482993197300e-01 4.241948153967007307e-01 3.373819163292847683e-03 1.000000000000000056e-01 4.872180451127816059e-01
3.000000000000000444e-01 4.545454545454545858e-01 1.224489795918367457e-01 3.299293008641005498e-01 1.012145748987854262e-02 2.999999999999999889e-01 2.315789473684207178e-01
3.999999999999999112e-01 3.896103896103896291e-01 9.523809523809523281e-02 2.827965435978004871e-01 1.349527665317139073e-02 4.000000000000000222e-01 2.165413533834583126e-01
5.000000000000000000e-01 3.246753246753246724e-01 6.802721088435373376e-02 2.356637863315003967e-01 1.686909581646423711e-02 5.000000000000000000e-01 1.879699248120300648e-01
6.000000000000000888e-01 2.597402597402597157e-01 4.081632653061224164e-02 1.885310290652003340e-01 2.024291497975708523e-02 4.000000000000000222e-01 1.729323308270676596e-01
8.000000000000000444e-01 1.298701298701298579e-01 1.360544217687074779e-02 9.426551453260016700e-02 2.699055330634278146e-02 2.000000000000000111e-01 1.879699248120300648e-01
8.999999999999999112e-01 6.493506493506492894e-02 4.081632653061224164e-02 4.713275726630008350e-02 3.036437246963562611e-02 1.000000000000000056e-01 1.714285714285710971e-01
1.000000000000000888e-01 5.565862708719851448e-02 0.000000000000000000e+00 2.749410840534171480e-02 9.109311740890688180e-02 6.999999999999999278e-02 2.556390977443608881e-01
1.999999999999999556e-01 1.113172541743970290e-01 0.000000000000000000e+00 5.498821681068342959e-02 8.097165991902834092e-02 1.399999999999999856e-01 2.406015037593984829e-01
3.999999999999999112e-01 2.226345083487940579e-01 0.000000000000000000e+00 1.099764336213668592e-01 6.072874493927125222e-02 2.799999999999999711e-01 2.406015037593984829e-01
5.000000000000000000e-01 2.782931354359926002e-01 0.000000000000000000e+00 1.374705420267085809e-01 5.060728744939271134e-02 3.499999999999999778e-01 2.556390977443608881e-01
6.000000000000000888e-01 3.339517625231911424e-01 0.000000000000000000e+00 1.649646504320502749e-01 4.048582995951417046e-02 2.799999999999999711e-01 2.556390977443608881e-01
6.999999999999999556e-01 3.896103896103896291e-01 0.000000000000000000e+00 1.924587588373919966e-01 3.036437246963562611e-02 2.100000000000000200e-01 2.556390977443608881e-01
8.999999999999999112e-01 5.009276437847867136e-01 0.000000000000000000e+00 2.474469756480754123e-01 1.012145748987854262e-02 6.999999999999999278e-02 3.157894736842105088e-01
1.000000000000000000e+00 7.421150278293135727e-02 5.215419501133786162e-02 4.713275726630008350e-02 3.373819163292847423e-02 0.000000000000000000e+00 1.172932330827069353e-01
1.000000000000000000e+00 1.484230055658627145e-01 3.628117913832199642e-02 9.426551453260016700e-02 3.373819163292847423e-02 0.000000000000000000e+00 1.323308270676693543e-01
1.000000000000000000e+00 2.226345083487940579e-01 2.040816326530612082e-02 1.413982717989002436e-01 3.373819163292847423e-02 0.000000000000000000e+00 1.473684210526317595e-01
1.000000000000000000e+00 3.710575139146568002e-01 1.133786848072562345e-02 2.356637863315003967e-01 3.373819163292847423e-02 0.000000000000000000e+00 1.774436090225565699e-01
1.000000000000000000e+00 4.452690166975881159e-01 2.721088435374149558e-02 2.827965435978004871e-01 3.373819163292847423e-02 0.000000000000000000e+00 2.075187969924813802e-01
1.000000000000000000e+00 5.194805194805194315e-01 4.308390022675736425e-02 3.299293008641005498e-01 3.373819163292847423e-02 0.000000000000000000e+00 2.375939849624061906e-01
1.000000000000000000e+00 5.936920222634508582e-01 5.895691609977324332e-02 3.770620581304006680e-01 3.373819163292847423e-02 0.000000000000000000e+00 2.977443609022558113e-01
0.000000000000000000e+00 4.638218923933210003e-02 0.000000000000000000e+00 2.749410840534171480e-02 9.109311740890688180e-02 1.199999999999999956e-01 3.172932330827071268e-01
0.000000000000000000e+00 9.276437847866420006e-02 0.000000000000000000e+00 5.498821681068342959e-02 8.097165991902834092e-02 2.399999999999999911e-01 3.172932330827071268e-01
0.000000000000000000e+00 1.391465677179963001e-01 0.000000000000000000e+00 8.248232521602513745e-02 7.085020242914980004e-02 3.599999999999999867e-01 3.323308270676695320e-01
0.000000000000000000e+00 1.855287569573284001e-01 0.000000000000000000e+00 1.099764336213668592e-01 6.072874493927125222e-02 4.799999999999999822e-01 3.323308270676695320e-01
0.000000000000000000e+00 2.782931354359926002e-01 0.000000000000000000e+00 1.649646504320502749e-01 4.048582995951417046e-02 4.799999999999999822e-01 3.774436090225567475e-01
0.000000000000000000e+00 3.246753246753246724e-01 0.000000000000000000e+00 1.924587588373919966e-01 3.036437246963562611e-02 3.599999999999999867e-01 4.075187969924815579e-01
0.000000000000000000e+00 3.710575139146568002e-01 0.000000000000000000e+00 2.199528672427337184e-01 2.024291497975708523e-02 2.399999999999999911e-01 4.526315789473687734e-01
0.000000000000000000e+00 4.174397031539888725e-01 0.000000000000000000e+00 2.474469756480754123e-01 1.012145748987854262e-02 1.199999999999999956e-01 5.428571428571431490e-01
8.000000000000000444e-01 2.040816326530612568e-01 1.496598639455782309e-01 2.042419481539670123e-01 8.097165991902834092e-02 4.000000000000000222e-01 1.338345864661650841e-01
6.999999999999999556e-01 3.061224489795918435e-01 2.585034013605442271e-01 3.063629222309505185e-01 1.045883940620782743e-01 5.999999999999999778e-01 1.639097744360898945e-01
6.000000000000000888e-01 4.081632653061225136e-01 3.673469387755101678e-01 4.084838963079340246e-01 1.282051282051281937e-01 8.000000000000000444e-01 1.939849624060147049e-01
5.000000000000000000e-01 5.102040816326530726e-01 4.761904761904761640e-01 5.106048703849175308e-01 1.518218623481781271e-01 1.000000000000000000e+00 2.090225563909771100e-01
3.000000000000000444e-01 7.142857142857143016e-01 6.938775510204081565e-01 7.148468185388845431e-01 1.990553306342780215e-01 5.999999999999999778e-01 2.842105263157891359e-01
1.999999999999999556e-01 8.163265306122450271e-01 8.027210884353740417e-01 8.169677926158680492e-01 2.226720647773279271e-01 4.000000000000000222e-01 3.593984962406011618e-01
1.000000000000000888e-01 9.183673469387756416e-01 9.115646258503401489e-01 9.190887666928516664e-01 2.462887989203778605e-01 2.000000000000000111e-01 4.496240601503755929e-01
2.000000000000001776e-02 8.181818181818182323e-01 4.444444444444444753e-01 7.056821157371039321e-01 8.636977058029689236e-02 3.599999999999999728e-02 8.601503759398494431e-01
1.999999999999999556e-01 6.679035250463822848e-01 3.628117913832199504e-01 5.760670332547788153e-01 2.564102564102563875e-01 3.599999999999999867e-01 5.443609022556389343e-01
3.000000000000000444e-01 5.844155844155843882e-01 3.174603174603174427e-01 5.040586540979313801e-01 3.508771929824561209e-01 5.400000000000000355e-01 4.992481203007517188e-01
3.999999999999999112e-01 5.009276437847867136e-01 2.721088435374149350e-01 4.320502749410840559e-01 4.453441295546558543e-01 7.199999999999999734e-01 4.691729323308269084e-01
5.000000000000000000e-01 4.174397031539888725e-01 2.267573696145124551e-01 3.600418957842367318e-01 5.398110661268555877e-01 9.000000000000000222e-01 4.541353383458645032e-01
6.999999999999999556e-01 2.504638218923933568e-01 1.360544217687074675e-01 2.160251374705420280e-01 7.287449392712550544e-01 5.400000000000000355e-01 4.240601503759396929e-01
8.000000000000000444e-01 1.669758812615955712e-01 9.070294784580498759e-02 1.440167583136947038e-01 8.232118758434546768e-01 3.599999999999999867e-01 4.240601503759396929e-01
8.999999999999999112e-01 8.348794063079778560e-02 4.535147392290249380e-02 7.200837915684735191e-02 9.176788124156545212e-01 1.799999999999999933e-01 4.090225563909772877e-01
0.000000000000000000e+00 5.565862708719851448e-03 8.444444444444444420e-01 2.618486514794448987e-03 3.306342780026990669e-01 3.200000000000000067e-02 6.646616541353381757e-01
0.000000000000000000e+00 5.565862708719851448e-02 6.893424036281178280e-01 2.618486514794448813e-02 2.699055330634277938e-01 3.200000000000000067e-01 4.736842105263157632e-01
0.000000000000000000e+00 8.348794063079778560e-02 6.031746031746031411e-01 3.927729772191673741e-02 2.361673414304993335e-01 4.799999999999999822e-01 4.436090225563909528e-01
0.000000000000000000e+00 1.113172541743970290e-01 5.170068027210884543e-01 5.236973029588897627e-02 2.024291497975708454e-01 6.400000000000000133e-01 4.285714285714285476e-01
0.000000000000000000e+00 1.391465677179963001e-01 4.308390022675736564e-01 6.546216286986122901e-02 1.686909581646423850e-01 8.000000000000000444e-01 4.360902255639097502e-01
0.000000000000000000e+00 1.948051948051948146e-01 2.585034013605442271e-01 9.164702801780572061e-02 1.012145748987854227e-01 4.799999999999999822e-01 4.285714285714285476e-01
0.000000000000000000e+00 2.226345083487940579e-01 1.723356009070294570e-01 1.047394605917779525e-01 6.747638326585694846e-02 3.200000000000000067e-01 4.285714285714285476e-01
0.000000000000000000e+00 2.504638218923933568e-01 8.616780045351472850e-02 1.178318931657501983e-01 3.373819163292847423e-02 1.600000000000000033e-01 4.285714285714285476e-01
0.000000000000000000e+00 4.174397031539888725e-01 0.000000000000000000e+00 2.474469756480754123e-01 6.747638326585695366e-03 8.000000000000000167e-02 5.593984962406013395e-01
0.000000000000000000e+00 3.246753246753246724e-01 0.000000000000000000e+00 1.924587588373919966e-01 2.024291497975708523e-02 2.399999999999999911e-01 3.639097744360900721e-01
0.000000000000000000e+00 2.782931354359926002e-01 0.000000000000000000e+00 1.649646504320502749e-01 2.699055330634278146e-02 3.200000000000000067e-01 3.037593984962404514e-01
0.000000000000000000e+00 2.319109461966605001e-01 0.000000000000000000e+00 1.374705420267085809e-01 3.373819163292847423e-02 4.000000000000000222e-01 2.887218045112780462e-01
0.000000000000000000e+00 1.855287569573284001e-01 0.000000000000000000e+00 1.099764336213668592e-01 4.048582995951417046e-02 3.200000000000000067e-01 2.586466165413532359e-01
0.000000000000000000e+00 9.276437847866420006e-02 0.000000000000000000e+00 5.498821681068342959e-02 5.398110661268556293e-02 1.600000000000000033e-01 2.135338345864659926e-01
0.000000000000000000e+00 4.638218923933210003e-02 0.000000000000000000e+00 2.749410840534171480e-02 6.072874493927125222e-02 8.000000000000000167e-02 1.984962406015035874e-01