1.9 0 0 0.3 0.9 0 260.75
1.8 0 0 0.6 0.8 0 261.65
1.7 0 0 0.9 0.7 0 262.95
1.6 0 0 1.2 0.6 0 263.95
1.4 0 0 1.8 0.4 0 265.95
1.3 0 0 2.1 0.3 0 268.95
1.2 0 0 2.4 0.2 0 271.95
1.1 0 0 2.7 0.1 0 277.45
1 6.86 8.82 35.28 0.06 1.28 307.05
1 6.58 8.46 33.84 0.18 3.84 301.05
1 6.3 8.1 32.4 0.3 6.4 297.05
1 5.6 7.2 28.8 0.6 12.8 291.05
1 4.2 5.4 21.6 1.2 25.6 284.95
1 3.5 4.5 18 1.5 32 283.95
1 2.8 3.6 14.4 1.8 25.6 282.95
1 2.1 2.7 10.8 2.1 19.2 282.95
1 0.7 0.9 3.6 2.7 6.4 281.95
1 6.8 8 31.4 0.1 3.2 309.95
1 6.6 7 26.8 0.2 6.4 313.05
1 6.4 6 22.2 0.3 9.6 314.95
1 6 4 13 0.5 16 318.15
1 5.8 3 8.4 0.6 12.8 319.15
1 5.6 2 3.8 0.7 9.6 319.15
1 5.4 1 0.8 0.8 6.4 320.95
1 2.7 0 8.7 0 1.6 286.25
1 2.4 0 7.4 0 3.2 288.25
1 2.1 0 6.1 0 4.8 288.35
1 1.8 0 4.8 0 6.4 286.35
1 1.2 0 2.2 0 6.4 286.35
1 0.9 0 0.9 0 4.8 286.35
1 0.6 0 0.4 0 3.2 286.35
1 0.3 0 1.7 0 1.6 286.35
1 0.18 0 2.22 0 0.96 285.35
1 0.12 0 2.48 0 0.64 286.35
1 0.06 0 2.74 0 0.32 285.35
1 2.94 0 9.8 0.06 0.96 283.95
1 2.7 0 9 0.3 4.8 281.95
1 2.4 0 8 0.6 9.6 279.85
1 2.1 0 7 0.9 14.4 277.85
1 1.8 0 6 1.2 19.2 276.85
1 1.2 0 4 1.8 19.2 276.85
1 0.9 0 3 2.1 14.4 276.85
1 0.6 0 2 2.4 9.6 275.85
1 0.3 0 1 2.7 4.8 275.85
1.8 0.6 2.4 2 1.6 8 271.45
1.7 0.9 2.1 3 1.4 12 271.95
1.6 1.2 1.8 4 1.2 16 271.95
1.5 1.5 1.5 5 1 20 272.95
1.3 2.1 0.9 7 0.6 12 276.95
1.2 2.4 0.6 8 0.4 8 279.95
1.1 2.7 0.3 9 0.2 4 280.95
1 8.1 18 49.2 1.8 1.6 304.85
1 6.3 14 37.6 1.4 4.8 290.85
1 5.4 12 31.8 1.2 6.4 286.85
1 4.5 10 26 1 8 286.65
1 3.6 8 20.2 0.8 6.4 285.65
1 1.8 4 8.6 0.4 3.2 283.65
1 0.9 2 2.8 0.2 1.6 282.65
1 8.82 19.6 53.9 2.02 1.44 316.95
1 8.46 18.8 51.7 2.06 4.32 307.95
1 7.2 16 44 2.2 14.4 293.95
1 6.3 14 38.5 2.3 21.6 288.95
1 5.4 12 33 2.4 28.8 286.95
1 4.5 10 27.5 2.5 36 284.95
1 2.7 6 16.5 2.7 21.6 283.95
1 1.8 4 11 2.8 14.4 282.95
1 0.9 2 5.5 2.9 7.2 282.95
1.9 0.9 0.7 5.5 2 4 273.65
1.7 2.7 3.9 16.5 2 12 276.45
1.6 3.6 6.2 22 2 16 276.35
1.5 4.5 8.5 27.5 2 20 278.35
1.4 5.4 10.8 33 2 16 278.35
1.2 7.2 15.4 44 2 8 282.35
1.1 8.1 17.7 49.5 2 4 296.35
1.02 8.82 19.54 53.9 2 0.8 316.35
1.02 0 0.06 0 2.96 0.8 280.75
1.06 0 0.18 0 2.88 2.4 278.75
1.1 0 0.3 0 2.8 4 277.75
1.2 0 0.6 0 2.6 8 275.75
1.3 0 0.9 0 2.4 12 275.65
1.5 0 1.5 0 2 20 272.65
1.6 0 1.8 0 1.8 16 270.65
1.7 0 2.1 0 1.6 12 269.65
1.8 0 2.4 0 1.4 8 269.65
1.9 0.9 2 5.5 11 6.4 271.35
1.8 1.8 4 11 10 12.8 271.35
1.7 2.7 6 16.5 9 19.2 270.35
1.6 3.6 8 22 8 25.6 272.35
1.4 5.4 12 33 6 25.6 271.95
1.3 6.3 14 38.5 5 19.2 274.35
1.2 7.2 16 44 4 12.8 281.35
1.1 8.1 18 49.5 3 6.4 290.35
2 0 30.4 0 7.2 12.8 282.75
2 0 26.6 0 7.8 19.2 278.75
2 0 22.8 0 8.4 25.6 276.75
2 0 19 0 9 32 274.75
2 0 11.4 0 10.2 19.2 271.75
2 0 7.6 0 10.8 12.8 270.75
2 0 3.8 0 11.4 6.4 269.75
1.02 6.86 8.82 35.28 0.6 1.44 306.85
1.1 6.3 8.1 32.4 3 7.2 296.75
1.2 5.6 7.2 28.8 6 14.4 291.75
1.3 4.9 6.3 25.2 9 21.6 286.75
1.4 4.2 5.4 21.6 12 28.8 287.75
1.6 2.8 3.6 14.4 18 28.8 286.85
1.7 2.1 2.7 10.8 21 21.6 286.85
1.8 1.4 1.8 7.2 24 14.4 286.85
1.9 0.7 0.9 3.6 27 7.2 286.85
2 0 0 0 13.8 0 270.75
2 0 0 0 15.6 0 272.75
2 0 0 0 17.4 0 272.75
2 0 0 0 19.2 0 274.75
2 0 0 0 22.8 0 277.75
2 0 0 0 24.6 0 280.75
2 0 0 0 26.4 0 282.75
2 0 0 0 28.2 0 284.75
2 0 0 0 29.64 0 287.75
1.98 0.06 0 0.2 29.4 1.44 284.05
1.9 0.3 0 1 27 7.2 282.05
1.8 0.6 0 2 24 14.4 280.05
1.6 1.2 0 4 18 28.8 279.05
1.5 1.5 0 5 15 36 279.05
1.4 1.8 0 6 12 28.8 279.05
1.3 2.1 0 7 9 21.6 279.05
1.1 2.7 0 9 3 7.2 279.05
1.02 2.94 0 9.8 0.6 1.44 281.05
1.02 0 0 2.94 0.24 0 282.85
1.1 0 0 2.7 1.2 0 269.75
1.3 0 0 2.1 3.6 0 265.75
1.4 0 0 1.8 4.8 0 264.75
1.5 0 0 1.5 6 0 264.75
1.6 0 0 1.2 7.2 0 264.75
1.8 0 0 0.6 9.6 0 264.85
1.9 0 0 0.3 10.8 0 264.85
1.98 0 0 0.06 11.76 0 264.85
1.02 4.9 1.96 20.58 0.24 1.28 295.95
1.06 4.7 1.88 19.74 0.72 3.84 285.95
1.1 4.5 1.8 18.9 1.2 6.4 281.85
1.2 4 1.6 16.8 2.4 12.8 274.85
1.3 3.5 1.4 14.7 3.6 19.2 272.85
1.5 2.5 1 10.5 6 32 269.95
1.6 2 0.8 8.4 7.2 25.6 269.95
1.7 1.5 0.6 6.3 8.4 19.2 269.95
1.8 1 0.4 4.2 9.6 12.8 269.95
1.02 4.9 0.06 20.58 0.02 0.8 308.05
1.1 4.5 0.3 18.9 0.1 4 295.05
1.2 4 0.6 16.8 0.2 8 287.05
1.3 3.5 0.9 14.7 0.3 12 281.05
1.5 2.5 1.5 10.5 0.5 20 277.05
1.6 2 1.8 8.4 0.6 16 274.05
1.7 1.5 2.1 6.3 0.7 12 274.05
1.8 1 2.4 4.2 0.8 8 272.05
1 10.78 44.1 76.38 7.84 0.64 327.25
1 10.34 42.3 73.14 7.52 1.92 316.25
1 9.9 40.5 69.9 7.2 3.2 307.25
1 8.8 36 61.8 6.4 6.4 295.25
1 6.6 27 45.6 4.8 12.8 290.25
1 5.5 22.5 37.5 4 16 287.25
1 4.4 18 29.4 3.2 12.8 288.25
1 3.3 13.5 21.3 2.4 9.6 287.25
1 1.1 4.5 5.1 0.8 3.2 286.25
1 4.96 0 20.38 0 0.64 312.65
1 4.8 0 17.9 0 3.2 306.65
1 4.6 0 14.8 0 6.4 301.65
1 4.2 0 8.6 0 12.8 295.65
1 4 0 5.5 0 16 293.65
1 3.8 0 2.4 0 12.8 292.65
1 3.6 0 0.7 0 9.6 292.65
1 3.2 0 6.9 0 3.2 290.65
1.02 4.9 0 20.58 0.6 1.44 302.35
1.06 4.7 0 19.74 1.8 4.32 291.35
1.1 4.5 0 18.9 3 7.2 288.35
1.3 3.5 0 14.7 9 21.6 287.35
1.4 3 0 12.6 12 28.8 285.35
1.5 2.5 0 10.5 15 36 286.35
1.6 2 0 8.4 18 28.8 284.35
1.8 1 0 4.2 24 14.4 285.35
1.9 0.5 0 2.1 27 7.2 284.35
1.1 2.7 0.3 2.7 0.1 0 305.15
1.2 2.4 0.6 2.4 0.2 0 297.15
1.4 1.8 1.2 1.8 0.4 0 283.15
1.5 1.5 1.5 1.5 0.5 0 277.15
1.6 1.2 1.8 1.2 0.6 0 274.15
1.7 0.9 2.1 0.9 0.7 0 274.15
1.9 0.3 2.7 0.3 0.9 0 270.15
1.1 0 0.3 2.7 0.1 0 281.15
1.2 0 0.6 2.4 0.2 0 279.15
1.3 0 0.9 2.1 0.3 0 277.15
1.5 0 1.5 1.5 0.5 0 273.15
1.6 0 1.8 1.2 0.6 0 273.15
1.7 0 2.1 0.9 0.7 0 272.15
1.8 0 2.4 0.6 0.8 0 271.15
1.9 5.4 0 18.6 0 0 288.15
1.8 4.8 0 16.2 0 0 288.15
1.7 4.2 0 13.8 0 0 287.25
1.6 3.6 0 11.4 0 0 287.25
1.4 2.4 0 6.6 0 0 285.15
1.3 1.8 0 4.2 0 0 285.25
1.2 1.2 0 1.8 0 0 285.25
1.1 0.6 0 0.6 0 0 284.25
2 4.8 0.6 16.8 0.2 0 280.45
2 4.2 0.9 14.7 0.3 0 277.45
2 3.6 1.2 12.6 0.4 0 275.35
2 3 1.5 10.5 0.5 0 274.35
2 1.8 2.1 6.3 0.7 0 272.95
2 1.2 2.4 4.2 0.8 0 271.35
2 0.6 2.7 2.1 0.9 0 271.35
1.1 6.3 7.8 32.4 0.1 4 293.15
1.3 4.9 5.4 25.2 0.3 12 276.15
1.4 4.2 4.2 21.6 0.4 16 275.15
1.5 3.5 3 18 0.5 20 273.25
1.6 2.8 1.8 14.4 0.6 16 272.25
1.8 1.4 0.6 7.2 0.8 8 273.25
1.9 0.7 1.8 3.6 0.9 4 272.15
1.1 0.6 0 2.1 2.7 2.8 277.75
1.2 1.2 0 4.2 2.4 5.6 276.75
1.4 2.4 0 8.4 1.8 11.2 276.75
1.5 3 0 10.5 1.5 14 277.75
1.6 3.6 0 12.6 1.2 11.2 277.75
1.7 4.2 0 14.7 0.9 8.4 277.75
1.9 5.4 0 18.9 0.3 2.8 281.75
2 0.8 2.3 3.6 1 0 268.55
2 1.6 1.6 7.2 1 0 269.55
2 2.4 0.9 10.8 1 0 270.55
2 4 0.5 18 1 0 272.55
2 4.8 1.2 21.6 1 0 274.55
2 5.6 1.9 25.2 1 0 276.55
2 6.4 2.6 28.8 1 0 280.55
1 0.5 0 2.1 2.7 4.8 281.85
1 1 0 4.2 2.4 9.6 281.85
1 1.5 0 6.3 2.1 14.4 282.85
1 2 0 8.4 1.8 19.2 282.85
1 3 0 12.6 1.2 19.2 285.85
1 3.5 0 14.7 0.9 14.4 287.85
1 4 0 16.8 0.6 9.6 290.85
1 4.5 0 18.9 0.3 4.8 296.85
1.8 2.2 6.6 15.6 2.4 16 269.65
1.7 3.3 11.4 23.4 3.1 24 271.65
1.6 4.4 16.2 31.2 3.8 32 273.65
1.5 5.5 21 39 4.5 40 274.65
1.3 7.7 30.6 54.6 5.9 24 279.65
1.2 8.8 35.4 62.4 6.6 16 284.65
1.1 9.9 40.2 70.2 7.3 8 290.65
1.02 8.82 19.6 53.9 2.56 1.44 317.95
1.2 7.2 16 44 7.6 14.4 296.95
1.3 6.3 14 38.5 10.4 21.6 293.95
1.4 5.4 12 33 13.2 28.8 291.95
1.5 4.5 10 27.5 16 36 290.95
1.7 2.7 6 16.5 21.6 21.6 288.95
1.8 1.8 4 11 24.4 14.4 288.95
1.9 0.9 2 5.5 27.2 7.2 287.95
1 0.06 37.24 0.2 9.8 1.28 304.95
1 0.6 30.4 2 8 12.8 292.25
1 0.9 26.6 3 7 19.2 290.25
1 1.2 22.8 4 6 25.6 289.25
1 1.5 19 5 5 32 289.75
1 2.1 11.4 7 3 19.2 289.25
1 2.4 7.6 8 2 12.8 289.25
1 2.7 3.8 9 1 6.4 289.25
1 4.5 0 18.9 0.2 3.2 297.95
1 3.5 0 14.7 0.6 9.6 284.95
1 3 0 12.6 0.8 12.8 280.95
1 2.5 0 10.5 1 16 279.95
1 2 0 8.4 1.2 12.8 277.95
1 1 0 4.2 1.6 6.4 274.95
1 0.5 0 2.1 1.8 3.2 273.95