1.4167 0.1379 -0.1165 0.5376 260.75
1.3984 0.1298 -0.108 0.5192 261.65
1.3801 0.1217 -0.0995 0.5008 262.95
1.3618 0.1136 -0.091 0.4824 263.95
1.3252 0.0974 -0.074 0.4456 265.95
1.3069 0.0893 -0.0655 0.4272 268.95
1.2886 0.0812 -0.057 0.4088 271.95
1.2703 0.0731 -0.0485 0.3904 277.45
1.15576 0.25248 -0.11286 0.39354 307.05
1.14928 0.24544 -0.10458 0.39262 301.05
1.1428 0.2384 -0.0963 0.3917 297.05
1.1266 0.2208 -0.0756 0.3894 291.05
1.0942 0.1856 -0.0342 0.3848 284.95
1.078 0.168 -0.0135 0.3825 283.95
1.0618 0.1504 0.0072 0.3802 282.95
1.0456 0.1328 0.0279 0.3779 282.95
1.0132 0.0976 0.0693 0.3733 281.95
1.1866 0.2491 -0.1145 0.3883 309.95
1.2142 0.2422 -0.112 0.3826 313.05
1.2418 0.2353 -0.1095 0.3769 314.95
1.297 0.2215 -0.1045 0.3655 318.15
1.3246 0.2146 -0.102 0.3598 319.15
1.3522 0.2077 -0.0995 0.3541 319.15
1.3798 0.2008 -0.097 0.3484 320.95
1.2268 0.1298 -0.0418 0.4062 286.25
1.2296 0.1226 -0.0416 0.4024 288.25
1.2324 0.1154 -0.0414 0.3986 288.35
1.2352 0.1082 -0.0412 0.3948 286.35
1.2408 0.0938 -0.0408 0.3872 286.35
1.2436 0.0866 -0.0406 0.3834 286.35
1.2464 0.0794 -0.0404 0.3796 286.35
1.2492 0.0722 -0.0402 0.3758 286.35
1.25032 0.06932 -0.04012 0.37428 285.35
1.25088 0.06788 -0.04008 0.37352 286.35
1.25144 0.06644 -0.04004 0.37276 285.35
1.21946 0.13586 -0.03936 0.40922 283.95
1.2013 0.1313 -0.0288 0.4061 281.95
1.1786 0.1256 -0.0156 0.4022 279.85
1.1559 0.1199 -0.0024 0.3983 277.85
1.1332 0.1142 0.0108 0.3944 276.85
1.0878 0.1028 0.0372 0.3866 276.85
1.0651 0.0971 0.0504 0.3827 276.85
1.0424 0.0914 0.0636 0.3788 275.85
1.0197 0.0857 0.0768 0.3749 275.85
1.348 0.189 -0.1084 0.5084 271.45
1.3325 0.1825 -0.1001 0.4961 271.95
1.317 0.176 -0.0918 0.4838 271.95
1.3015 0.1695 -0.0835 0.4715 272.95
1.2705 0.1565 -0.0669 0.4469 276.95
1.255 0.15 -0.0586 0.4346 279.95
1.2395 0.1435 -0.0503 0.4223 280.95
1.1467 0.263 -0.1174 0.4098 304.85
1.1701 0.219 -0.1002 0.4014 290.85
1.1818 0.197 -0.0916 0.3972 286.85
1.1935 0.175 -0.083 0.393 286.65
1.2052 0.153 -0.0744 0.3888 285.65
1.2286 0.109 -0.0572 0.3804 283.65
1.2403 0.087 -0.0486 0.3762 282.65
1.13224 0.2809 -0.12168 0.41314 316.95
1.12672 0.2727 -0.11304 0.41142 307.95
1.1074 0.244 -0.0828 0.4054 293.95
1.0936 0.2235 -0.0612 0.4011 288.95
1.0798 0.203 -0.0396 0.3968 286.95
1.066 0.1825 -0.018 0.3925 284.95
1.0384 0.1415 0.0252 0.3839 283.95
1.0246 0.121 0.0468 0.3796 282.95
1.0108 0.1005 0.0684 0.3753 282.95
1.3546 0.2103 -0.1251 0.5211 273.65
1.3058 0.2269 -0.1253 0.4973 276.45
1.2814 0.2352 -0.1254 0.4854 276.35
1.257 0.2435 -0.1255 0.4735 278.35
1.2326 0.2518 -0.1256 0.4616 278.35
1.1838 0.2684 -0.1258 0.4378 282.35
1.1594 0.2767 -0.1259 0.4259 296.35
1.13988 0.28334 -0.12598 0.41638 316.35
1.00184 0.08114 0.08564 0.37272 280.75
1.01152 0.08342 0.07692 0.37616 278.75
1.0212 0.0857 0.0682 0.3796 277.75
1.0454 0.0914 0.0464 0.3882 275.75
1.0696 0.0971 0.0246 0.3968 275.65
1.118 0.1085 -0.019 0.414 272.65
1.1422 0.1142 -0.0408 0.4226 270.65
1.1664 0.1199 -0.0626 0.4312 269.65
1.1906 0.1256 -0.0844 0.4398 269.65
0.9118 0.3777 -0.1071 0.4842 271.35
0.9366 0.3674 -0.1092 0.4764 271.35
0.9614 0.3571 -0.1113 0.4686 270.35
0.9862 0.3468 -0.1134 0.4608 272.35
1.0358 0.3262 -0.1176 0.4452 271.95
1.0606 0.3159 -0.1197 0.4374 274.35
1.0854 0.3056 -0.1218 0.4296 281.35
1.1102 0.2953 -0.1239 0.4218 290.35
1.2134 0.3384 -0.169 0.5032 282.75
1.1726 0.3446 -0.161 0.5018 278.75
1.1318 0.3508 -0.153 0.5004 276.75
1.091 0.357 -0.145 0.499 274.75
1.0094 0.3694 -0.129 0.4962 271.75
0.9686 0.3756 -0.121 0.4948 270.75
0.9278 0.3818 -0.113 0.4934 269.75
1.15362 0.25992 -0.11636 0.39608 306.85
1.1321 0.2756 -0.1138 0.4044 296.75
1.1052 0.2952 -0.1106 0.4148 291.75
1.0783 0.3148 -0.1074 0.4252 286.75
1.0514 0.3344 -0.1042 0.4356 287.75
0.9976 0.3736 -0.0978 0.4564 286.85
0.9707 0.3932 -0.0946 0.4668 286.85
0.9438 0.4128 -0.0914 0.4772 286.85
0.9169 0.4324 -0.0882 0.4876 286.85
0.8873 0.3944 -0.103 0.4926 270.75
0.8876 0.4008 -0.101 0.4932 272.75
0.8879 0.4072 -0.099 0.4938 272.75
0.8882 0.4136 -0.097 0.4944 274.75
0.8888 0.4264 -0.093 0.4956 277.75
0.8891 0.4328 -0.091 0.4962 280.75
0.8894 0.4392 -0.089 0.4968 282.75
0.8897 0.4456 -0.087 0.4974 284.75
0.88994 0.45072 -0.0854 0.49788 287.75
0.89668 0.4457 -0.08414 0.49624 284.05
0.9234 0.4205 -0.0807 0.4892 282.05
0.9568 0.389 -0.0764 0.4804 280.05
1.0236 0.326 -0.0678 0.4628 279.05
1.057 0.2945 -0.0635 0.454 279.05
1.0904 0.263 -0.0592 0.4452 279.05
1.1238 0.2315 -0.0549 0.4364 279.05
1.1906 0.1685 -0.0463 0.4188 279.05
1.21732 0.1433 -0.04286 0.41176 281.05
1.2447 0.07146 -0.0413 0.3744 282.85
1.2155 0.0973 -0.0465 0.384 269.75
1.1425 0.1619 -0.0595 0.408 265.75
1.106 0.1942 -0.066 0.42 264.75
1.0695 0.2265 -0.0725 0.432 264.75
1.033 0.2588 -0.079 0.444 264.75
0.96 0.3234 -0.092 0.468 264.85
0.9235 0.3557 -0.0985 0.48 264.85
0.8943 0.38154 -0.1037 0.4896 264.85
1.18296 0.1234 -0.09128 0.3597 295.95
1.17088 0.1342 -0.09184 0.3651 285.95
1.1588 0.145 -0.0924 0.3705 281.85
1.1286 0.172 -0.0938 0.384 274.85
1.0984 0.199 -0.0952 0.3975 272.85
1.038 0.253 -0.098 0.4245 269.95
1.0078 0.28 -0.0994 0.438 269.95
0.9776 0.307 -0.1008 0.4515 269.95
0.9474 0.334 -0.1022 0.465 269.95
1.33308 0.2007 -0.09468 0.4521 308.05
1.3254 0.1955 -0.0974 0.4525 295.05
1.3158 0.189 -0.1008 0.453 287.05
1.3062 0.1825 -0.1042 0.4535 281.05
1.287 0.1695 -0.111 0.4545 277.05
1.2774 0.163 -0.1144 0.455 274.05
1.2678 0.1565 -0.1178 0.4555 274.05
1.2582 0.15 -0.1212 0.456 272.05
1.2667 0.29922 -0.13212 0.44648 327.25
1.2661 0.28966 -0.12836 0.44344 316.25
1.2655 0.2801 -0.1246 0.4404 307.25
1.264 0.2562 -0.1152 0.4328 295.25
1.261 0.2084 -0.0964 0.4176 290.25
1.2595 0.1845 -0.087 0.41 287.25
1.258 0.1606 -0.0776 0.4024 288.25
1.2565 0.1367 -0.0682 0.3948 287.25
1.2535 0.0889 -0.0494 0.3796 286.25
1.33278 0.2007 -0.09296 0.45116 312.65
1.3239 0.1955 -0.0888 0.4478 306.65
1.3128 0.189 -0.0836 0.4436 301.65
1.2906 0.176 -0.0732 0.4352 295.65
1.2795 0.1695 -0.068 0.431 293.65
1.2684 0.163 -0.0628 0.4268 292.65
1.2573 0.1565 -0.0576 0.4226 292.65
1.2351 0.1435 -0.0472 0.4142 290.65
1.3261 0.207 -0.09382 0.45292 302.35
1.3083 0.217 -0.09346 0.45476 291.35
1.2905 0.227 -0.0931 0.4566 288.35
1.2015 0.277 -0.0913 0.4658 287.35
1.157 0.302 -0.0904 0.4704 285.35
1.1125 0.327 -0.0895 0.475 286.35
1.068 0.352 -0.0886 0.4796 284.35
0.979 0.402 -0.0868 0.4888 285.35
0.9345 0.427 -0.0859 0.4934 284.35
1.4739 0.1046 -0.0488 0.4183 305.15
1.4478 0.1082 -0.0576 0.4226 297.15
1.3956 0.1154 -0.0752 0.4312 283.15
1.3695 0.119 -0.084 0.4355 277.15
1.3434 0.1226 -0.0928 0.4398 274.15
1.3173 0.1262 -0.1016 0.4441 274.15
1.2651 0.1334 -0.1192 0.4527 270.15
1.2507 0.0722 -0.0488 0.3805 281.15
1.2494 0.0794 -0.0576 0.389 279.15
1.2481 0.0866 -0.0664 0.3975 277.15
1.2455 0.101 -0.084 0.4145 273.15
1.2442 0.1082 -0.0928 0.423 273.15
1.2429 0.1154 -0.1016 0.4315 272.15
1.2416 0.1226 -0.1104 0.44 271.15
1.1953 0.1946 -0.0904 0.4188 288.15
1.2016 0.1802 -0.0848 0.4136 288.15
1.2079 0.1658 -0.0792 0.4084 287.25
1.2142 0.1514 -0.0736 0.4032 287.25
1.2268 0.1226 -0.0624 0.3928 285.15
1.2331 0.1082 -0.0568 0.3876 285.25
1.2394 0.0938 -0.0512 0.3824 285.25
1.2457 0.0794 -0.0456 0.3772 284.25
1.199 0.1946 -0.1024 0.4306 280.45
1.204 0.1874 -0.1056 0.4339 277.45
1.209 0.1802 -0.1088 0.4372 275.35
1.214 0.173 -0.112 0.4405 274.35
1.224 0.1586 -0.1184 0.4471 272.95
1.229 0.1514 -0.1216 0.4504 271.35
1.234 0.1442 -0.1248 0.4537 271.35
1.167 0.2441 -0.1181 0.4003 293.15
1.183 0.2203 -0.1203 0.4129 276.15
1.191 0.2084 -0.1214 0.4192 275.15
1.199 0.1965 -0.1225 0.4255 273.25
1.207 0.1846 -0.1236 0.4318 272.25
1.223 0.1608 -0.1258 0.4444 273.25
1.231 0.1489 -0.1269 0.4507 272.15
1.0162 0.0929 0.0714 0.3763 277.75
1.0354 0.1058 0.0528 0.3816 276.75
1.0738 0.1316 0.0156 0.3922 276.75
1.093 0.1445 -0.003 0.3975 277.75
1.1122 0.1574 -0.0216 0.4028 277.75
1.1314 0.1703 -0.0402 0.4081 277.75
1.1698 0.1961 -0.0774 0.4187 281.75
1.231 0.1484 -0.1252 0.4568 268.55
1.223 0.1598 -0.1224 0.4566 269.55
1.215 0.1712 -0.1196 0.4564 270.55
1.199 0.194 -0.114 0.456 272.55
1.191 0.2054 -0.1112 0.4558 274.55
1.183 0.2168 -0.1084 0.4556 276.55
1.175 0.2282 -0.1056 0.4554 280.55
1.0308 0.0922 0.0716 0.3791 281.85
1.0646 0.1044 0.0532 0.3872 281.85
1.0984 0.1166 0.0348 0.3953 282.85
1.1322 0.1288 0.0164 0.4034 282.85
1.1998 0.1532 -0.0204 0.4196 285.85
1.2336 0.1654 -0.0388 0.4277 287.85
1.2674 0.1776 -0.0572 0.4358 290.85
1.3012 0.1898 -0.0756 0.4439 296.85
1.2446 0.1704 -0.1292 0.4552 269.65
1.2474 0.1871 -0.1298 0.4543 271.65
1.2502 0.2038 -0.1304 0.4534 273.65
1.253 0.2205 -0.131 0.4525 274.65
1.2586 0.2539 -0.1322 0.4507 279.65
1.2614 0.2706 -0.1328 0.4498 284.65
1.2642 0.2873 -0.1334 0.4489 290.65
1.1301 0.28834 -0.12518 0.41568 317.95
1.086 0.3184 -0.1178 0.4308 296.95
1.0615 0.3351 -0.1137 0.4392 293.95
1.037 0.3518 -0.1096 0.4476 291.95
1.0125 0.3685 -0.1055 0.456 290.95
0.9635 0.4019 -0.0973 0.4728 288.95
0.939 0.4186 -0.0932 0.4812 288.95
0.9145 0.4353 -0.0891 0.4896 287.95
1.31122 0.25558 -0.09884 0.49624 304.95
1.2952 0.2338 -0.0884 0.4804 292.25
1.2863 0.2217 -0.0826 0.4716 290.25
1.2774 0.2096 -0.0768 0.4628 289.25
1.2685 0.1975 -0.071 0.454 289.75
1.2507 0.1733 -0.0594 0.4364 289.25
1.2418 0.1612 -0.0536 0.4276 289.25
1.2329 0.1491 -0.0478 0.4188 289.25
1.3474 0.1872 -0.0918 0.4556 297.95
1.3722 0.1576 -0.0874 0.4628 284.95
1.3846 0.1428 -0.0852 0.4664 280.95
1.397 0.128 -0.083 0.47 279.95
1.4094 0.1132 -0.0808 0.4736 277.95
1.4342 0.0836 -0.0764 0.4808 274.95
1.4466 0.0688 -0.0742 0.4844 273.95