9.025287983095905409e-01 1.859581555116061047e-01 2.303533353639962977e-01 1.000000000000000000e+00 0.000000000000000000e+00
8.713448299366097771e-01 1.648797751639429487e-01 2.627170271093511866e-01 9.055926115956902667e-01 1.353383458646582362e-02
8.401608615636291244e-01 1.438013948162797928e-01 2.950807188547060478e-01 8.111852231913804223e-01 3.308270676691712348e-02
8.089768931906480276e-01 1.227230144686166508e-01 3.274444106000609089e-01 7.167778347870703559e-01 4.812030075187952866e-02
7.466089564446867222e-01 8.056625377329031112e-02 3.921717940907706312e-01 5.279630579784505562e-01 7.819548872180434596e-02
7.154249880717060694e-01 5.948787342562716213e-02 4.245354858361254924e-01 4.335556695741407673e-01 1.233082706766915615e-01
6.842410196987253057e-01 3.840949307796397150e-02 4.568991775814803535e-01 3.391482811698307009e-01 1.684210526315787770e-01
6.530570513257446530e-01 1.733111273030081903e-02 4.892628693268352702e-01 2.447408927655209399e-01 2.511278195488720333e-01
4.578760820666619713e-01 4.841261580097844797e-01 2.442126104173012180e-01 2.608517188301693324e-01 6.962406015037595486e-01
4.468338899870494818e-01 4.658061829915686181e-01 2.757386536704233282e-01 2.561313494099539678e-01 6.060150375939851175e-01
4.357916979074365482e-01 4.474862079733527565e-01 3.072646969235455217e-01 2.514109799897383257e-01 5.458646616541354968e-01
4.081862177084044641e-01 4.016862704278130192e-01 3.860798050563508665e-01 2.396100564391997478e-01 4.556390977443610657e-01
3.529752573103402957e-01 3.100863953367336001e-01 5.437100213219615563e-01 2.160082093381220092e-01 3.639097744360900721e-01
3.253697771113082116e-01 2.642864577911939183e-01 6.225251294547669012e-01 2.042072857875834313e-01 3.488721804511276670e-01
2.977642969122761274e-01 2.184865202456542088e-01 7.013402375875723571e-01 1.924063622370445481e-01 3.338345864661652618e-01
2.701588167132439877e-01 1.726865827001144993e-01 7.801553457203777020e-01 1.806054386865059702e-01 3.338345864661652618e-01
2.149478563151798471e-01 8.108670760903509411e-02 9.377855619859883918e-01 1.570035915854285369e-01 3.187969924812028566e-01
5.104287369640789773e-01 4.753304881856978970e-01 2.379683216570209758e-01 2.339661364802461951e-01 7.398496240601502016e-01
5.574602958216889892e-01 4.573748308525033557e-01 2.474870545233018304e-01 2.047203694202154867e-01 7.864661654135339797e-01
6.044918546792993341e-01 4.394191735193088699e-01 2.570057873895826850e-01 1.754746023601847782e-01 8.150375939849622275e-01
6.985549723945196909e-01 4.035078588529197319e-01 2.760432531221443941e-01 1.169830682401230976e-01 8.631578947368417909e-01
7.455865312521300359e-01 3.855522015197252461e-01 2.855619859884252487e-01 8.773730118009238910e-02 8.781954887218041961e-01
7.926180901097404918e-01 3.675965441865306493e-01 2.950807188547060478e-01 5.849153412006168756e-02 8.781954887218041961e-01
8.396496489673503927e-01 3.496408868533361081e-01 3.045994517209868468e-01 2.924576706003070153e-02 9.052631578947366586e-01
5.789312248653805115e-01 1.648797751639429487e-01 5.147730734084678961e-01 3.258081067213956517e-01 3.834586466165413321e-01
5.837025424306455657e-01 1.461434370771312607e-01 5.155345720377703111e-01 3.063109286813749943e-01 4.135338345864661425e-01
5.884738599959102867e-01 1.274070989903195728e-01 5.162960706670728372e-01 2.868137506413546145e-01 4.150375939849627605e-01
5.932451775611752298e-01 1.086707609035078709e-01 5.170575692963752523e-01 2.673165726013339571e-01 3.849624060150379501e-01
6.027878126917045609e-01 7.119808472988443937e-02 5.185805665549801935e-01 2.283222165212929200e-01 3.849624060150379501e-01
6.075591302569696150e-01 5.246174664307275137e-02 5.193420651842827196e-01 2.088250384812725680e-01 3.849624060150379501e-01
6.123304478222343361e-01 3.372540855626105644e-02 5.201035638135851347e-01 1.893278604412519106e-01 3.849624060150379501e-01
6.171017653874993902e-01 1.498907046944936323e-02 5.208650624428875497e-01 1.698306824012315308e-01 3.849624060150379501e-01
6.190102924136052787e-01 7.494535234724698965e-03 5.211696618946086712e-01 1.620318111852231957e-01 3.699248120300755449e-01
6.199645559266581119e-01 3.747267617362331701e-03 5.213219616204690654e-01 1.581323755772191808e-01 3.849624060150379501e-01
6.209188194397111671e-01 0.000000000000000000e+00 5.214742613463295706e-01 1.542329399692148884e-01 3.699248120300755449e-01
5.664235566764365126e-01 1.806495263870094847e-01 5.240633566859579373e-01 3.413032324268854834e-01 3.488721804511276670e-01
5.354781541817191792e-01 1.687831789320287379e-01 5.642704843131283177e-01 3.252950230887635685e-01 3.187969924812028566e-01
4.967964010633224015e-01 1.539502446133027835e-01 6.145293938470910433e-01 3.052847614161108836e-01 2.872180451127823164e-01
4.581146479449252906e-01 1.391173102945768847e-01 6.647883033810538800e-01 2.852744997434581431e-01 2.571428571428575061e-01
4.194328948265285684e-01 1.242843759758509303e-01 7.150472129150168277e-01 2.652642380708054026e-01 2.421052631578950731e-01
3.420693885897350683e-01 9.461850733839909100e-02 8.155650319829425010e-01 2.252437147255002825e-01 2.421052631578950731e-01
3.033876354713379575e-01 7.978557301967316440e-02 8.658239415169053377e-01 2.052334530528475420e-01 2.421052631578950731e-01
2.647058823529412352e-01 6.495263870094721004e-02 9.160828510508680633e-01 1.852231913801951069e-01 2.270676691729326679e-01
2.260241292345444852e-01 5.011970438222129731e-02 9.663417605848309000e-01 1.652129297075423942e-01 2.270676691729326679e-01
7.854611137618432437e-01 3.189341105443946889e-01 2.611940298507462455e-01 8.501795792714211819e-01 1.609022556390975744e-01
7.590484629541272010e-01 3.020193608826897136e-01 2.927962229667986360e-01 7.870702924576706838e-01 1.684210526315787770e-01
7.326358121464112694e-01 2.851046112209846828e-01 3.243984160828510266e-01 7.239610056439200747e-01 1.684210526315787770e-01
7.062231613386955598e-01 2.681898615592797075e-01 3.560006091989034172e-01 6.608517188301692435e-01 1.834586466165411822e-01
6.533978597232635854e-01 2.343603622358696736e-01 4.192049954310081983e-01 5.346331452026682474e-01 2.436090225563908029e-01
6.269852089155475428e-01 2.174456125741646428e-01 4.508071885470605888e-01 4.715238583889174162e-01 2.887218045112780462e-01
6.005725581078319442e-01 2.005308629124596398e-01 4.824093816631129794e-01 4.084145715751668626e-01 3.037593984962404514e-01
4.424374616590553977e-01 5.115020297699593987e-01 2.269265915321352078e-01 3.442791174961519207e-01 6.631578947368425014e-01
4.823120441687682169e-01 3.970021859061101388e-01 2.924154736521474285e-01 3.011800923550537745e-01 4.526315789473687734e-01
5.022493354236248209e-01 3.397522639741855088e-01 3.251599147121534972e-01 2.796305797845048957e-01 3.924812030075191527e-01
5.221866266784813693e-01 2.825023420422608234e-01 3.579043557721595659e-01 2.580810672139559614e-01 3.894736842105259722e-01
5.421239179333380287e-01 2.252524201103361934e-01 3.906487968321656901e-01 2.365315546434067773e-01 3.744360902255635670e-01
5.819985004430507924e-01 1.107525762464869334e-01 4.561376789521778830e-01 1.934325295023089641e-01 3.443609022556387567e-01
6.019357916979074519e-01 5.350265431456228266e-02 4.888821200121839516e-01 1.718830169317597800e-01 3.293233082706763515e-01
4.177970145184376483e-01 5.580826480691162272e-01 2.106305208650624261e-01 3.614161108260647293e-01 8.451127819548870379e-01
4.083907027469156348e-01 5.367440408035807353e-01 2.435272616509290000e-01 3.525910723447923112e-01 7.097744360902253913e-01
3.754686115465884488e-01 4.620589153742062916e-01 3.586658544014620920e-01 3.217034376603385981e-01 4.992481203007517188e-01
3.519528321177832764e-01 4.087123972103674507e-01 4.409077063661285267e-01 2.996408414571576362e-01 4.240601503759396929e-01
3.284370526889784925e-01 3.553658790465286099e-01 5.231495583307950170e-01 2.775782452539763412e-01 3.939849624060148825e-01
3.049212732601732645e-01 3.020193608826897136e-01 6.053914102954615073e-01 2.555156490507953793e-01 3.639097744360900721e-01
2.578897144025629196e-01 1.953263245550119209e-01 7.698751142247943768e-01 2.113904566444331501e-01 3.488721804511276670e-01
2.343739349737577471e-01 1.419798063911730801e-01 8.521169661894608671e-01 1.893278604412519106e-01 3.338345864661652618e-01
2.108581555449525469e-01 8.863328822733425316e-02 9.343588181541273574e-01 1.672652642380709209e-01 3.338345864661652618e-01
7.967077908799673480e-01 3.743624440512126061e-01 1.976088943039902845e-01 9.153412006157005676e-01 1.939849624060147049e-01
7.135505418853521631e-01 4.175601124180284840e-01 1.968473956746877862e-01 7.932272960492562364e-01 2.360902255639096003e-01
6.719719173880446261e-01 4.391589466014364507e-01 1.964666463600364954e-01 7.321703437660339597e-01 2.345864661654138705e-01
6.303932928907366451e-01 4.607577807848443618e-01 1.960858970453852879e-01 6.711133914828116831e-01 2.646616541353387086e-01
5.888146683934291081e-01 4.823566149682523840e-01 1.957051477307341081e-01 6.100564391995896285e-01 2.646616541353387086e-01
5.056574193988139232e-01 5.255542833350682619e-01 1.949436491014316097e-01 4.879425346331454083e-01 3.248120300751883294e-01
4.640787949015063862e-01 5.471531175184760620e-01 1.945628997867803189e-01 4.268855823499230762e-01 5.353383458646620019e-01
4.308158953036603234e-01 5.644321848652024132e-01 1.942583003350593363e-01 3.780400205233452327e-01 8.360902255639101055e-01
1.955899393361054117e-01 3.825335692724056436e-02 1.000000000000000000e+00 1.540277065161621273e-01 3.007518796992481036e-01
2.120850657760207369e-01 4.418653065473091002e-02 9.667986597624124157e-01 1.716777834787070189e-01 2.706766917293232932e-01
2.285801922159364508e-01 5.011970438222129731e-02 9.335973195248248313e-01 1.893278604412519106e-01 2.556390977443608881e-01
2.698180083157251108e-01 6.495263870094721004e-02 8.505939689308559259e-01 2.334530528476141398e-01 2.255639097744360777e-01
3.110558244155138263e-01 7.978557301967316440e-02 7.675906183368870206e-01 2.775782452539763412e-01 2.240601503759395152e-01
3.935314566150912019e-01 1.094514416571250037e-01 6.015839171489492099e-01 3.658286300667007995e-01 1.789473684210522997e-01
4.347692727148799174e-01 1.242843759758509303e-01 5.185805665549801935e-01 4.099538224730630565e-01 1.488721804511274893e-01
4.760070888146686330e-01 1.391173102945768847e-01 4.355772159610112326e-01 4.540790148794255354e-01 1.338345864661650841e-01
5.172449049144572930e-01 1.539502446133027835e-01 3.525738653670423273e-01 4.982042072857877923e-01 1.338345864661650841e-01
4.215799877308992749e-02 8.099823045695846435e-01 2.661437709412122765e-01 7.260133401744486292e-01 1.593984962406018446e-01
8.441824006543525993e-02 7.831789320287290135e-01 2.581480353335363631e-01 6.859928168291432593e-01 1.593984962406018446e-01
1.266784813577807867e-01 7.563755594878733834e-01 2.501522997258605052e-01 6.459722934838380004e-01 1.443609022556394395e-01
1.689387226501261052e-01 7.295721869470177534e-01 2.421565641181845641e-01 6.059517701385326305e-01 1.744360902255642498e-01
2.534592052348171309e-01 6.759654418653064933e-01 2.261650929028327650e-01 5.259107234479220017e-01 1.684210526315787770e-01
2.957194465271624773e-01 6.491620693244509743e-01 2.181693572951568516e-01 4.858902001026168538e-01 2.045112781954890602e-01
3.379796878195077681e-01 6.223586967835952333e-01 2.101736216874809104e-01 4.458696767573114284e-01 3.097744360902259242e-01
3.802399291118535030e-01 5.955553242427397143e-01 2.021778860798050526e-01 4.058491534120062805e-01 4.451127819548875708e-01
5.560970622316134815e-01 7.077131258457374230e-01 3.045994517209861183e-02 8.234992303745510833e-01 3.308270676691729140e-01
4.865721491377549279e-01 7.238471947538254181e-01 6.091989034419733468e-02 8.163160595177016976e-01 2.706766917293232932e-01
4.170472360438960413e-01 7.399812636619131911e-01 9.137983551629605405e-02 8.091328886608516457e-01 2.406015037593984829e-01
3.475223229500374877e-01 7.561153325700009642e-01 1.218397806883947665e-01 8.019497178040021490e-01 2.105263157894736725e-01
2.084724967623204084e-01 7.883834703861767323e-01 1.827596710325921081e-01 7.875833760903027114e-01 1.654135338345864570e-01
1.389475836684616883e-01 8.045175392942645054e-01 2.132196162046908205e-01 7.804002052334533257e-01 1.503759398496240518e-01
6.942267057460295432e-02 8.206516082023523895e-01 2.436795613767894775e-01 7.732170343766034959e-01 1.353383458646616466e-01
4.542294322132099382e-01 5.034870406994899072e-01 2.308863844045080382e-01 2.738840430990250874e-01 6.932330827067673118e-01
4.175584486401747175e-01 5.442906214218798944e-01 2.406335668595796506e-01 3.165726013340173783e-01 5.413533834586465865e-01
3.717197191738804141e-01 5.952950973248672950e-01 2.528175449284190690e-01 3.699332991277579086e-01 4.661654135338345606e-01
3.258809897075864992e-01 6.462995732278546956e-01 2.650015229972585984e-01 4.232939969214983833e-01 3.909774436090225347e-01
2.800422602412921957e-01 6.973040491308419853e-01 2.771855010660980723e-01 4.766546947152385805e-01 4.060150375939849399e-01
1.883648013087043660e-01 7.993130009368168976e-01 3.015534572037770200e-01 5.833760903027193079e-01 3.924812030075191527e-01
1.425260718424102846e-01 8.503174768398042982e-01 3.137374352726164939e-01 6.367367880964598381e-01 3.924812030075191527e-01
9.668734237611616156e-02 9.013219527427916988e-01 3.259214133414559678e-01 6.900974858902002573e-01 3.924812030075191527e-01
5.084861290982224669e-02 9.523264286457790995e-01 3.381053914102954416e-01 7.434581836839404545e-01 3.924812030075191527e-01
4.089700770227284554e-04 8.534401998542728851e-01 2.817544928419128958e-01 7.691123653155464979e-01 1.503759398496240518e-01
9.201826733010444416e-04 8.700947225981054967e-01 2.893694791349374906e-01 7.721908671113394407e-01 1.804511278195488622e-01
1.431395269579549675e-03 8.867492453419382192e-01 2.969844654279621965e-01 7.752693689071320504e-01 1.804511278195488622e-01
1.942607865857865499e-03 9.034037680857708308e-01 3.045994517209868468e-01 7.783478707029247712e-01 2.105263157894736725e-01
2.965033058414686881e-03 9.367128135734360539e-01 3.198294243070362586e-01 7.845048742945101017e-01 2.556390977443608881e-01
3.476245654693002705e-03 9.533673363172686654e-01 3.274444106000609089e-01 7.875833760903027114e-01 3.007518796992481036e-01
3.987458250971318528e-03 9.700218590611011660e-01 3.350593968930856148e-01 7.906618778860956542e-01 3.308270676691729140e-01
4.498670847249823870e-03 9.866763818049338886e-01 3.426743831861102652e-01 7.937403796818883750e-01 3.609022556390977243e-01
4.907640924272363078e-03 1.000000000000000000e+00 3.487663722205299743e-01 7.962031811185223962e-01 4.060150375939849399e-01
1.639288392065992722e-02 9.869366087228061968e-01 3.535638135851355002e-01 7.877886095433557223e-01 3.503759398496242294e-01
6.192488582918689172e-02 9.213594254189653165e-01 3.666615900091380054e-01 7.516675218060546726e-01 3.203007518796994191e-01
1.188398882148456459e-01 8.393879462891641330e-01 3.830338105391410397e-01 7.065161621344280274e-01 2.902255639097746087e-01
2.326698929861633347e-01 6.754449880295617659e-01 4.157782515991471084e-01 6.162134427911749590e-01 2.751879699248122035e-01
2.895848953718219154e-01 5.934735088997605823e-01 4.321504721291501427e-01 5.710620831195486469e-01 2.751879699248122035e-01
3.464998977574808570e-01 5.115020297699593987e-01 4.485226926591531771e-01 5.259107234479220017e-01 2.751879699248122035e-01
4.034149001431394099e-01 4.295305506401582152e-01 4.648949131891562114e-01 4.807593637762956340e-01 2.751879699248122035e-01
5.172449049144572930e-01 2.655875923805558481e-01 4.976393542491623356e-01 3.904566444330426767e-01 2.751879699248122035e-01
5.627769068229840910e-01 2.000104090767149123e-01 5.107371306731647298e-01 3.543355566957415159e-01 3.052631578947370139e-01
6.094335764433234104e-01 1.306339127719370434e-02 5.166768199817239893e-01 1.626475115443817843e-01 3.323308270676695320e-01
5.596755504055620500e-01 8.030602685541791963e-02 4.968778556198599206e-01 2.119035402770652332e-01 1.353383458646616466e-01
4.352804853111582606e-01 2.484126158009784258e-01 4.473804447151994990e-01 3.350436121087736474e-01 7.518796992481202590e-02
3.730829527639563103e-01 3.324659102737587135e-01 4.226317392628692882e-01 3.966136480246280072e-01 6.015037593984962072e-02
3.108854202167540270e-01 4.165192047465389735e-01 3.978830338105391329e-01 4.581836839404823114e-01 6.015037593984962072e-02
2.486878876695521046e-01 5.005724992193191225e-01 3.731343283582089221e-01 5.197537198563366712e-01 6.015037593984962072e-02
1.242928225751482596e-01 6.686790881648798646e-01 3.236369174535485560e-01 6.428937916880453907e-01 6.165413533834620402e-02
6.209529002794633018e-02 7.527323826376600691e-01 2.988882120012183452e-01 7.044638276038994729e-01 6.165413533834620402e-02
1.233726399018475819e-02 8.199750182158842549e-01 2.790892476393542210e-01 7.537198563365828941e-01 6.165413533834620402e-02
5.042260241292345624e-01 1.482252524201103372e-01 3.263783125190374279e-01 8.722421754746033373e-02 5.293233082706765291e-01
4.836411969190920201e-01 1.763297595503279247e-01 3.242461163569905214e-01 1.149307337095945569e-01 3.789473684210524773e-01
4.630563697089497555e-01 2.044342666805454012e-01 3.221139201949436703e-01 1.426372498717290715e-01 3.172932330827071268e-01
4.115943016835936219e-01 2.746955345060892451e-01 3.167834297898263762e-01 2.119035402770652332e-01 2.120300751879702628e-01
3.601322336582374883e-01 3.449568023316332277e-01 3.114529393847090821e-01 2.811698306824013671e-01 1.819548872180454524e-01
2.572080976075251657e-01 4.854793379827209154e-01 3.007919585744745494e-01 4.197024114930733574e-01 1.383458646616539667e-01
2.057460295821690044e-01 5.557406058082648981e-01 2.954614681693572553e-01 4.889687018984095190e-01 1.383458646616539667e-01
1.542839615568128708e-01 6.260018736338086587e-01 2.901309777642400167e-01 5.582349923037456252e-01 1.383458646616539667e-01
1.028218935314567095e-01 6.962631414593526413e-01 2.848004873591227226e-01 6.275012827090817868e-01 1.383458646616539667e-01
7.600368073069321273e-01 3.493806599354636888e-01 3.134328358208954834e-01 5.613134940995383459e-01 7.112781954887219538e-01
7.469497648422055436e-01 3.358488602060997197e-01 3.030764544623819612e-01 5.633658286300669005e-01 5.157894736842106864e-01
7.305909617612980078e-01 3.189341105443946889e-01 2.901309777642400167e-01 5.659312467932274826e-01 3.954887218045114450e-01
7.142321586803899169e-01 3.020193608826897136e-01 2.771855010660980723e-01 5.684966649563880647e-01 3.052631578947370139e-01
6.815145525185739572e-01 2.681898615592797075e-01 2.512945476698141833e-01 5.736275012827092290e-01 2.451127819548873932e-01
6.651557494376663104e-01 2.512751118975746767e-01 2.383490709716722111e-01 5.761929194458698111e-01 2.000000000000001776e-01
6.487969463567583306e-01 2.343603622358696736e-01 2.254035942735302667e-01 5.787583376090303933e-01 2.000000000000001776e-01
6.324381432758503507e-01 2.174456125741646428e-01 2.124581175753883222e-01 5.813237557721910864e-01 1.699248120300753673e-01
6.469225001704040912e-01 6.057562194233371278e-01 1.708802924154736724e-01 5.324781939456131319e-01 1.000000000000000000e+00
6.459000749778475159e-01 5.808785260747371115e-01 1.851964666463599973e-01 5.168804515135968503e-01 8.345864661654135430e-01
6.448776497852908296e-01 5.560008327261372063e-01 1.995126408772463777e-01 5.012827090815804576e-01 6.992481203007518964e-01
6.423215868038989473e-01 4.938065993546371657e-01 2.353030764544623843e-01 4.622883530015394205e-01 5.187969924812030342e-01
6.372094608411149608e-01 3.694181326116373620e-01 3.068839476088943141e-01 3.842996408414573462e-01 4.436090225563909528e-01
6.346533978597234116e-01 3.072238992401373769e-01 3.426743831861102652e-01 3.453052847614160314e-01 3.984962406015037373e-01
6.320973348783314183e-01 2.450296658686374196e-01 3.784648187633262162e-01 3.063109286813749943e-01 4.135338345864661425e-01
6.295412718969395360e-01 1.828354324971374623e-01 4.142552543405421672e-01 2.673165726013339571e-01 3.984962406015037373e-01
6.244291459341559936e-01 5.844696575413762391e-02 4.858361254949741248e-01 1.893278604412519106e-01 3.834586466165413321e-01
7.595255947106538397e-01 3.493806599354636888e-01 3.199817240328967083e-01 5.564905079527964205e-01 7.804511278195485069e-01
7.443937018608139944e-01 3.358488602060997197e-01 3.358208955223880299e-01 5.392508978963570510e-01 6.902255639097740758e-01
7.254788357985140212e-01 3.189341105443946889e-01 3.556198598842522096e-01 5.177013853258081166e-01 6.150375939849620499e-01
6.876491036739145191e-01 2.851046112209846828e-01 3.952177886079805136e-01 4.746023601847100259e-01 5.248120300751876188e-01
6.687342376116148790e-01 2.681898615592797075e-01 4.150167529698446378e-01 4.530528476141611471e-01 4.947368421052628085e-01
6.498193715493150169e-01 2.512751118975746767e-01 4.348157173317088176e-01 4.315033350436122128e-01 4.796992481203004033e-01
6.309045054870153768e-01 2.343603622358696736e-01 4.546146816935729418e-01 4.099538224730630565e-01 4.796992481203004033e-01
5.930747733624158746e-01 2.005308629124596398e-01 4.942126104173012457e-01 3.668547973319652433e-01 4.496240601503755929e-01
7.481425942335220292e-01 3.657749557614239366e-01 3.167072799268961236e-01 5.655207798871216829e-01 6.255639097744364330e-01
7.178106468543385965e-01 3.917976475486624199e-01 3.180779774596405596e-01 5.749615187275526340e-01 4.601503759398499760e-01
6.874786994751550528e-01 4.178203393359009032e-01 3.194486749923849955e-01 5.844022575679836962e-01 4.150375939849627605e-01
5.358189625792380006e-01 5.479337982720933198e-01 3.263021626561071753e-01 6.316059517701385628e-01 4.000000000000003553e-01
4.599890941312794745e-01 6.129905277401893615e-01 3.297289064879683207e-01 6.552077988712160517e-01 3.699248120300755449e-01
3.841592256833209484e-01 6.780472572082856253e-01 3.331556503198294106e-01 6.788096459722934295e-01 3.849624060150379501e-01
3.083293572353624223e-01 7.431039866763817781e-01 3.365823941516905005e-01 7.024114930733712514e-01 3.548872180451131397e-01
1.566696203394452036e-01 8.732174456125741946e-01 3.434358818154127357e-01 7.496151872755261181e-01 3.699248120300755449e-01
8.083975189148666363e-02 9.382741750806703473e-01 3.468626256472738256e-01 7.732170343766034959e-01 3.548872180451131397e-01
1.000000000000000000e+00 9.930259186010199912e-02 4.881206213828814811e-01 3.878912262698820945e-01 6.676691729323305236e-01
9.555245041237815373e-01 1.086707609035078709e-01 4.546146816935729418e-01 4.099538224730630565e-01 5.473684210526312821e-01
8.665735123713447230e-01 1.274070989903195728e-01 3.876028023149558077e-01 4.540790148794255354e-01 3.368421052631575541e-01
8.220980164951263713e-01 1.367752680337253890e-01 3.540968626256472129e-01 4.761416110826064974e-01 2.466165413533831230e-01
7.776225206189079087e-01 1.461434370771312607e-01 3.205909229363387292e-01 4.982042072857877923e-01 2.015037593984959075e-01
7.331470247426895570e-01 1.555116061205371325e-01 2.870849832470301344e-01 5.202668034889686988e-01 2.015037593984959075e-01
6.441960329902527427e-01 1.742479442073487927e-01 2.200731038684130003e-01 5.643919958953309557e-01 1.413533834586462867e-01
6.196578283688909394e-01 1.498907046944936323e-02 4.881206213828814811e-01 1.939456131349410473e-01 3.067669172932327437e-01
6.174425737850182117e-01 3.372540855626105644e-02 4.546146816935729418e-01 2.375577219086711933e-01 2.766917293233079334e-01
6.152273192011451508e-01 5.246174664307275137e-02 4.211087420042644025e-01 2.811698306824013671e-01 2.466165413533831230e-01
6.107968100333993622e-01 8.993442281669616900e-02 3.540968626256472129e-01 3.683940482298614372e-01 1.864661654135335023e-01
6.085815554495263013e-01 1.086707609035078709e-01 3.205909229363387292e-01 4.120061570035915555e-01 1.864661654135335023e-01
6.063663008656532405e-01 1.274070989903195728e-01 2.870849832470301344e-01 4.556182657773217293e-01 1.714285714285710971e-01
6.041510462817805127e-01 1.461434370771312607e-01 2.535790435577215951e-01 4.992303745510519031e-01 1.563909774436086919e-01
5.252539022561516502e-01 3.335068179452482240e-01 3.297289064879683207e-01 3.904566444330426767e-01 4.120300751879695800e-01
5.359893667779974669e-01 2.960341417716248480e-01 3.510508681084373861e-01 3.637762955361725781e-01 4.120300751879695800e-01
5.467248312998431725e-01 2.585614655980014720e-01 3.723728297289064515e-01 3.370959466393021464e-01 3.984962406015037373e-01
5.574602958216889892e-01 2.210887894243780682e-01 3.936947913493755724e-01 3.104155977424320478e-01 3.984962406015037373e-01
5.789312248653805115e-01 1.461434370771312607e-01 4.363387145903137587e-01 2.570548999486915731e-01 3.669172932330823644e-01
5.896666893872266613e-01 1.086707609035078709e-01 4.576606762107828241e-01 2.303745510518214745e-01 3.684210526315789269e-01
6.004021539090724779e-01 7.119808472988443937e-02 4.789826378312518895e-01 2.036942021549513759e-01 3.684210526315789269e-01
6.111376184309181836e-01 3.372540855626105644e-02 5.003045994517210104e-01 1.770138532580809720e-01 3.533834586466165217e-01
5.315588576102516782e-01 3.335068179452482240e-01 2.840389887298202520e-01 4.510005130836325926e-01 2.962406015037592488e-01
5.400790675482243230e-01 3.147704798584365915e-01 2.718550106609807782e-01 4.679322729604926678e-01 2.511278195488720333e-01
5.485992774861974119e-01 2.960341417716248480e-01 2.596710325921413598e-01 4.848640328373524655e-01 2.195488721804514654e-01
5.571194874241701678e-01 2.772978036848131045e-01 2.474870545233018304e-01 5.017957927142124852e-01 2.045112781954890602e-01
5.741599073001159015e-01 2.398251275111897285e-01 2.231190983856228549e-01 5.356593124679323026e-01 1.834586466165411822e-01
5.826801172380889904e-01 2.210887894243780682e-01 2.109351203167834088e-01 5.525910723447924333e-01 1.593984962406018446e-01
5.912003271760616352e-01 2.023524513375663525e-01 1.987511422479439627e-01 5.695228322216522310e-01 1.593984962406018446e-01
4.770295140072252638e-01 4.623191422920787108e-01 2.242613463295765885e-01 2.955361723961005271e-01 4.872180451127816059e-01
5.042941858087384155e-01 4.003851358384510895e-01 2.158848614072494398e-01 3.601847101077475521e-01 2.315789473684207178e-01
5.179265217094950469e-01 3.694181326116373620e-01 2.116966189460859071e-01 3.925089789635711757e-01 2.165413533834583126e-01
5.315588576102516782e-01 3.384511293848235791e-01 2.075083764849223189e-01 4.248332478193945771e-01 1.879699248120300648e-01
5.451911935110083096e-01 3.074841261580097407e-01 2.033201340237587307e-01 4.571575166752182007e-01 1.729323308270676596e-01
5.724558653125214613e-01 2.455501197043822026e-01 1.949436491014316097e-01 5.218060543868652257e-01 1.879699248120300648e-01
5.860882012132780927e-01 2.145831164775684474e-01 1.907554066402679660e-01 5.541303232426886272e-01 1.714285714285710971e-01
2.200599822779633619e-01 6.885604246903298531e-02 9.457812975936644717e-01 1.723961005643921129e-01 2.556390977443608881e-01
2.527775884397793771e-01 1.024253148745706415e-01 8.749619250685349847e-01 1.995895330938942946e-01 2.406015037593984829e-01
3.182128007634110189e-01 1.695638596856458569e-01 7.333231800182760107e-01 2.539763981528989079e-01 2.406015037593984829e-01
3.509304069252266456e-01 2.031331320911834715e-01 6.625038074931465237e-01 2.811698306824013671e-01 2.556390977443608881e-01
3.836480130870426608e-01 2.367024044967211693e-01 5.916844349680170367e-01 3.083632632119035488e-01 2.556390977443608881e-01
4.163656192488582874e-01 2.702716769022587839e-01 5.208650624428875497e-01 3.355566957414060081e-01 2.556390977443608881e-01
4.818008315724899293e-01 3.374102217133340131e-01 3.792263173926286868e-01 3.899435608004105935e-01 3.157894736842105088e-01
5.860882012132780927e-01 2.132819818882065177e-01 1.972281449893389660e-01 5.854284248332478624e-01 1.172932330827069353e-01
5.724558653125214613e-01 2.429478505256583709e-01 2.078891257995735542e-01 5.844022575679836962e-01 1.323308270676693543e-01
5.588235294117648300e-01 2.726137191631102241e-01 2.185501066098080869e-01 5.833760903027193079e-01 1.473684210526317595e-01
5.315588576102516782e-01 3.319454564380139305e-01 2.398720682302771523e-01 5.813237557721910864e-01 1.774436090225565699e-01
5.179265217094950469e-01 3.616113250754657837e-01 2.505330490405117128e-01 5.802975885069265871e-01 2.075187969924813802e-01
5.042941858087384155e-01 3.912771937129176369e-01 2.611940298507462455e-01 5.792714212416625319e-01 2.375939849624061906e-01
4.906618499079818396e-01 4.209430623503694902e-01 2.718550106609807782e-01 5.782452539763983657e-01 2.977443609022558113e-01
2.449389952968440698e-01 6.703445404392631424e-02 9.465427962229667758e-01 1.867624422780913007e-01 3.172932330827071268e-01
3.025356144775407374e-01 9.878213802435725777e-02 8.764849223271398149e-01 2.283222165212929200e-01 3.172932330827071268e-01
3.601322336582374883e-01 1.305298220047881597e-01 8.064270484313128540e-01 2.698819907644945393e-01 3.323308270676695320e-01
4.177288528389341837e-01 1.622775059852191171e-01 7.363691745354857821e-01 3.114417650076962141e-01 3.323308270676695320e-01
5.329220912003271859e-01 2.257728739460809764e-01 5.962534267438318603e-01 3.945613134940994526e-01 3.774436090225567475e-01
5.905187103810238813e-01 2.575205579265119060e-01 5.261955528480048994e-01 4.361210877373013495e-01 4.075187969924815579e-01
6.481153295617205767e-01 2.892682419069428912e-01 4.561376789521778830e-01 4.776808619805030243e-01 4.526315789473687734e-01
7.057119487424169391e-01 3.210159258873737653e-01 3.860798050563508665e-01 5.192406362237046435e-01 5.428571428571431490e-01
6.092631722445640552e-01 2.705319038201311477e-01 1.819981724032896098e-01 5.772190867111339774e-01 1.338345864661650841e-01
6.140344898098291093e-01 3.139897991048193893e-01 1.797136765153822535e-01 5.726013340174448407e-01 1.639097744360898945e-01
6.188058073750937194e-01 3.574476943895076864e-01 1.774291806274748973e-01 5.679835813237560371e-01 1.939849624060147049e-01
6.235771249403583294e-01 4.009055896741958724e-01 1.751446847395674300e-01 5.633658286300669005e-01 2.090225563909771100e-01
6.331197600708881046e-01 4.878213802435724111e-01 1.705756929637526065e-01 5.541303232426886272e-01 2.842105263157891359e-01
6.378910776361531587e-01 5.312792755282605972e-01 1.682911970758452225e-01 5.495125705489994905e-01 3.593984962406011618e-01
6.426623952014177688e-01 5.747371708129488388e-01 1.660067011879378662e-01 5.448948178553105759e-01 4.496240601503755929e-01
4.141503646649855597e-01 5.774435307588215993e-01 1.973042948522691908e-01 3.744484350949204843e-01 8.601503759398494431e-01
3.390021130120647874e-01 6.556677422712605674e-01 2.254035942735302667e-01 4.520266803488970364e-01 5.443609022556389343e-01
2.972530843159977842e-01 6.991256375559488090e-01 2.410143161742308859e-01 4.951257054899948495e-01 4.992481203007517188e-01
2.555040556199303925e-01 7.425835328406370506e-01 2.566250380749314219e-01 5.382247306310928847e-01 4.691729323308269084e-01
2.137550269238633893e-01 7.860414281253252922e-01 2.722357599756320412e-01 5.813237557721910864e-01 4.541353383458645032e-01
1.302569695317293552e-01 8.729572186947016643e-01 3.034572037770331687e-01 6.675218060543869347e-01 4.240601503759396929e-01
8.850794083566215775e-02 9.164151139793901280e-01 3.190679256777337325e-01 7.106208311954850254e-01 4.240601503759396929e-01
4.675891213959515458e-02 9.598730092640782585e-01 3.346786475784343518e-01 7.537198563365828941e-01 4.090225563909772877e-01
7.227864494581147659e-01 4.921931924638283662e-01 2.975936643314042174e-01 7.877886095433557223e-01 6.646616541353381757e-01
6.954876968168494100e-01 4.355157697512230808e-01 3.373438927809929710e-01 7.065161621344280274e-01 4.736842105263157632e-01
6.803217231272579157e-01 4.040283126886645149e-01 3.594273530307645070e-01 6.613648024628016042e-01 4.436090225563909528e-01
6.651557494376663104e-01 3.725408556261060045e-01 3.815108132805360985e-01 6.162134427911749590e-01 4.285714285714285476e-01
6.499897757480743721e-01 3.410533985635474385e-01 4.035942735303076345e-01 5.710620831195486469e-01 4.360902255639097502e-01
6.196578283688909394e-01 2.780784844384303067e-01 4.477611940298507065e-01 4.807593637762956340e-01 4.285714285714285476e-01
6.044918546792993341e-01 2.465910273758717686e-01 4.698446542796222425e-01 4.356080041046690443e-01 4.285714285714285476e-01
5.893258809897078399e-01 2.151035703133132304e-01 4.919281145293937785e-01 3.904566444330426767e-01 4.285714285714285476e-01
7.844386885692862244e-01 3.142500260226918085e-01 3.243984160828510266e-01 5.792714212416625319e-01 5.593984962406013395e-01
8.266989298616319592e-01 2.372228583324658691e-01 3.411513859275052685e-01 6.162134427911749590e-01 3.639097744360900721e-01
8.478290505078046602e-01 1.987092744873529826e-01 3.495278708498324449e-01 6.346844535659312836e-01 3.037593984962404514e-01
8.689591711539772501e-01 1.601956906422400406e-01 3.579043557721595659e-01 6.531554643406874971e-01 2.887218045112780462e-01
8.900892918001499510e-01 1.216821067971270848e-01 3.662808406944867423e-01 6.716264751154440438e-01 2.586466165413532359e-01
9.323495330924952418e-01 4.465493910690120083e-02 3.830338105391410397e-01 7.085684966649565819e-01 2.135338345864659926e-01
9.534796537386682758e-01 6.141355261788281408e-03 3.914102954614681606e-01 7.270395074397127955e-01 1.984962406015035874e-01