3.399999999999999689e-01 2.112662959587881598e-02 3.986459662404440163e-01 2.557471264367815467e-01 6.644088669950741766e-01 2.063368191041047572e-01 0.000000000000000000e+00
4.100000000000000311e-01 3.909170370645887599e-02 3.540210217031782847e-01 2.270114942528735358e-01 6.213054187192119659e-01 1.829249258623378838e-01 1.353383458646582362e-02
4.599999999999999645e-01 5.192389949973033603e-02 3.093960771659126641e-01 1.982758620689654694e-01 5.782019704433498664e-01 1.595130326205710103e-01 3.308270676691712348e-02
4.899999999999999911e-01 5.964181436090085220e-02 2.647711326286470435e-01 1.695402298850574863e-01 5.350985221674877668e-01 1.361011393788044144e-01 4.812030075187952866e-02
4.899999999999999911e-01 5.964181436090085220e-02 1.755212435541157190e-01 1.120689655172413673e-01 4.488916256157635121e-01 8.927735289527066742e-02 7.819548872180434596e-02
4.599999999999999645e-01 5.192389949973033603e-02 1.308962990168500706e-01 8.333333333333332871e-02 4.057881773399014125e-01 6.586545965350379395e-02 1.233082706766915615e-01
4.100000000000000311e-01 3.909170370645887599e-02 8.627135447958442227e-02 5.459770114942526231e-02 3.626847290640392574e-01 4.245356641173692047e-02 1.684210526315787770e-01
3.399999999999999689e-01 2.112662959587881598e-02 4.164640994231876003e-02 2.586206896551723061e-02 3.195812807881774908e-01 1.904167316997032802e-02 2.511278195488720333e-01
2.892000000000000126e-01 1.569619311524799582e-02 4.475211076836851376e-01 4.367816091954022095e-01 3.417487684729065278e-01 5.618854378024035201e-01 6.962406015037595486e-01
3.628000000000000114e-01 4.891112309609269015e-02 4.551723113046320934e-01 4.540229885057470161e-01 3.491379310344827069e-01 5.706258779459963959e-01 6.060150375939851175e-01
4.299999999999999933e-01 7.924345836975321689e-02 4.628235149255790493e-01 4.712643678160918781e-01 3.565270935960589416e-01 5.793663180895894937e-01 5.458646616541354968e-01
5.700000000000000622e-01 1.424187759201056003e-01 4.819515239779465499e-01 5.143678160919539222e-01 3.749999999999998890e-01 6.012174184485716832e-01 4.556390977443610657e-01
7.299999999999999822e-01 2.146324226813710045e-01 5.202075420826813845e-01 6.005747126436780103e-01 4.119458128078816728e-01 6.449196191665365063e-01 3.639097744360900721e-01
7.500000000000000000e-01 2.236707518922839422e-01 5.393355511350487186e-01 6.436781609195402210e-01 4.304187192118226202e-01 6.667707195255186958e-01 3.488721804511276670e-01
7.299999999999999822e-01 2.146324226813710045e-01 5.584635601874162747e-01 6.867816091954020985e-01 4.488916256157635121e-01 6.886218198845012184e-01 3.338345864661652618e-01
6.699999999999999289e-01 1.875546298190474692e-01 5.775915692397836088e-01 7.298850574712643091e-01 4.673645320197044040e-01 7.104729202434836299e-01 3.338345864661652618e-01
4.299999999999999933e-01 7.924345836975321689e-02 6.158475873445184989e-01 8.160919540229883973e-01 5.043103448275862988e-01 7.541751209614482310e-01 3.187969924812028566e-01
2.050000000000000155e-01 4.282977813319446825e-02 4.435681273445610806e-01 4.137931034482758008e-01 3.934729064039407809e-01 6.066801935383172584e-01 7.398496240601502016e-01
1.699999999999999845e-01 7.768127801231146379e-02 4.434407488159104460e-01 3.994252873563217676e-01 4.488916256157635121e-01 6.558451693460277676e-01 7.864661654135339797e-01
1.450000000000000178e-01 1.025831768053411530e-01 4.433133702872598114e-01 3.850574712643677899e-01 5.043103448275862988e-01 7.050101451537380548e-01 8.150375939849622275e-01
1.250000000000000000e-01 1.225195737479310154e-01 4.430586132299585977e-01 3.563218390804597235e-01 6.151477832512317612e-01 8.033400967691585182e-01 8.631578947368417909e-01
1.300000000000000044e-01 1.175354745122835637e-01 4.429312347013079632e-01 3.419540229885056903e-01 6.705665024630544924e-01 8.525050725768690274e-01 8.781954887218041961e-01
1.450000000000000178e-01 1.025831768053411530e-01 4.428038561726573286e-01 3.275862068965516571e-01 7.259852216748772236e-01 9.016700483845792036e-01 8.781954887218041961e-01
1.699999999999999845e-01 7.768127801231146379e-02 4.426764776440067495e-01 3.132183908045976795e-01 7.814039408866995107e-01 9.508350241922894908e-01 9.052631578947366586e-01
1.600000000000000033e-01 3.232225549087798522e-02 1.310555221776633361e-01 1.264367816091953589e-01 2.764778325123153357e-01 2.414546589667549148e-01 3.834586466165413321e-01
8.999999999999999667e-02 5.900950326384110656e-02 1.161628492029288945e-01 1.120689655172413673e-01 2.764778325123153357e-01 2.141407835180271502e-01 4.135338345864661425e-01
4.000000000000000777e-02 7.807182310167190553e-02 1.012701762281943557e-01 9.770114942528733415e-02 2.764778325123153357e-01 1.868269080692990802e-01 4.150375939849627605e-01
1.000000000000000888e-02 8.950921500437038214e-02 8.637750325345991409e-02 8.333333333333332871e-02 2.764778325123153357e-01 1.595130326205710103e-01 3.849624060150379501e-01
1.000000000000000888e-02 8.950921500437038214e-02 5.659215730399100308e-02 5.459770114942526231e-02 2.764778325123153357e-01 1.048852817231151618e-01 3.849624060150379501e-01
4.000000000000000777e-02 7.807182310167190553e-02 4.169948432925654758e-02 4.022988505747126381e-02 2.764778325123153357e-01 7.757140627438736946e-02 3.849624060150379501e-01
8.999999999999999667e-02 5.900950326384110656e-02 2.680681135452201574e-02 2.586206896551723061e-02 2.764778325123153357e-01 5.025753082565930646e-02 3.849624060150379501e-01
1.600000000000000033e-01 3.232225549087798522e-02 1.191413837978756371e-02 1.149425287356322690e-02 2.764778325123153357e-01 2.294365537693123999e-02 3.849624060150379501e-01
1.935999999999999943e-01 1.950865708281415353e-02 5.957069189893781855e-03 5.747126436781613452e-03 2.764778325123153357e-01 1.201810519744029269e-02 3.699248120300755449e-01
2.116000000000000103e-01 1.264622194119506722e-02 2.978534594946890927e-03 2.873563218390806726e-03 2.764778325123153357e-01 6.555330107694680268e-03 3.849624060150379501e-01
2.303999999999999937e-01 5.486228636253741645e-03 0.000000000000000000e+00 0.000000000000000000e+00 2.764778325123153357e-01 1.092555017949067191e-03 3.699248120300755449e-01
2.892000000000000126e-01 9.112718751743503721e-04 1.557287431772875486e-01 1.551724137931034531e-01 2.814039408866993996e-01 2.789136881535818624e-01 3.488721804511276670e-01
4.299999999999999933e-01 1.130721020624500008e-02 1.948509352768466041e-01 2.126436781609195026e-01 3.011083743842365434e-01 3.194943031059776506e-01 3.187969924812028566e-01
5.700000000000000622e-01 2.166595376690037475e-02 2.437536754012954165e-01 2.844827586206896131e-01 3.257389162561578067e-01 3.702200717964725940e-01 2.872180451127823164e-01
6.699999999999999289e-01 2.904911569433337587e-02 2.926564155257442290e-01 3.563218390804597235e-01 3.503694581280786813e-01 4.209458404869672599e-01 2.571428571428575061e-01
7.299999999999999822e-01 3.349389075895928963e-02 3.415591556501931247e-01 4.281609195402298340e-01 3.749999999999998890e-01 4.716716091774619257e-01 2.421052631578950731e-01
7.299999999999999822e-01 3.349389075895928963e-02 4.393646358990907497e-01 5.718390804597700550e-01 4.242610837438423044e-01 5.731231465584515350e-01 2.421052631578950731e-01
6.699999999999999289e-01 2.904911569433337587e-02 4.882673760235395344e-01 6.436781609195402210e-01 4.488916256157635121e-01 6.238489152489464784e-01 2.421052631578950731e-01
5.700000000000000622e-01 2.166595376690037475e-02 5.371701161479883746e-01 7.155172413793102759e-01 4.735221674876847198e-01 6.745746839394410888e-01 2.270676691729326679e-01
4.299999999999999933e-01 1.130721020624500008e-02 5.860728562724372148e-01 7.873563218390804419e-01 4.981527093596059275e-01 7.253004526299358101e-01 2.270676691729326679e-01
4.100000000000000311e-01 3.535362927972326985e-02 5.029477514505229507e-01 3.706896551724137567e-01 5.474137931034483984e-01 3.436865927891368799e-01 1.609022556390975744e-01
4.599999999999999645e-01 4.703278719012107117e-02 4.583228069132573856e-01 3.419540229885056903e-01 5.135467980295567170e-01 3.343218354924300528e-01 1.684210526315787770e-01
4.899999999999999911e-01 5.404400141340127278e-02 4.136978623759916540e-01 3.132183908045976795e-01 4.796798029556650356e-01 3.249570781957232812e-01 1.684210526315787770e-01
5.000000000000000000e-01 5.636867456435625673e-02 3.690729178387260889e-01 2.844827586206896131e-01 4.458128078817733542e-01 3.155923208990164541e-01 1.834586466165411822e-01
4.599999999999999645e-01 4.703278719012107117e-02 2.798230287641947367e-01 2.270114942528735358e-01 3.780788177339900469e-01 2.968628063056031330e-01 2.436090225563908029e-01
4.100000000000000311e-01 3.535362927972326985e-02 2.351980842269291161e-01 1.982758620689654694e-01 3.442118226600986985e-01 2.874980490088963059e-01 2.887218045112780462e-01
3.399999999999999689e-01 1.902512506741552145e-02 1.905731396896634400e-01 1.695402298850574863e-01 3.103448275862070171e-01 2.781332917121898118e-01 3.037593984962404514e-01
1.600000000000000033e-01 1.751873686559669574e-01 5.330621585990059641e-01 5.143678160919539222e-01 3.318965517241380669e-01 5.785859216481971101e-01 6.631578947368425014e-01
4.000000000000000777e-02 4.114299529486153961e-01 4.139420045559052963e-01 3.994252873563217676e-01 3.195812807881774908e-01 4.490401123770874081e-01 4.526315789473687734e-01
1.000000000000000888e-02 4.704766509828718357e-01 3.543819275343550457e-01 3.419540229885056903e-01 3.134236453201971750e-01 3.842672077415326681e-01 3.924812030075191527e-01
0.000000000000000000e+00 4.901712819177623248e-01 2.948218505128046840e-01 2.844827586206896131e-01 3.072660098522168592e-01 3.194943031059776506e-01 3.894736842105259722e-01
1.000000000000000888e-02 4.704766509828718357e-01 2.352617734912544056e-01 2.270114942528735358e-01 3.011083743842365434e-01 2.547213984704229106e-01 3.744360902255635670e-01
8.999999999999999667e-02 3.129939930445779228e-01 1.161416194481537656e-01 1.120689655172413673e-01 2.887931034482759673e-01 1.251755891993131808e-01 3.443609022556387567e-01
1.600000000000000033e-01 1.751873686559669574e-01 5.658154242660347333e-02 5.459770114942526231e-02 2.826354679802956515e-01 6.040268456375818412e-02 3.293233082706763515e-01
2.892000000000000126e-01 2.622231314277212802e-02 5.934693028360829015e-01 5.775862068965516016e-01 3.417487684729065278e-01 6.460121741844856436e-01 8.451127819548870379e-01
3.628000000000000114e-01 7.920626359933792549e-02 5.951634372671360529e-01 5.890804597701148060e-01 3.491379310344827069e-01 6.513188699859528974e-01 7.097744360902253913e-01
5.700000000000000622e-01 2.283386955794015072e-01 6.010929077758221384e-01 6.293103448275861878e-01 3.749999999999998890e-01 6.698923052910877862e-01 4.992481203007517188e-01
6.699999999999999289e-01 3.003105763329675382e-01 6.053282438534551835e-01 6.580459770114941431e-01 3.934729064039407809e-01 6.831590447947555322e-01 4.240601503759396929e-01
7.299999999999999822e-01 3.434937047851071568e-01 6.095635799310881175e-01 6.867816091954020985e-01 4.119458128078816728e-01 6.964257842984236113e-01 3.939849624060148825e-01
7.500000000000000000e-01 3.578880809358204185e-01 6.137989160087211626e-01 7.155172413793102759e-01 4.304187192118226202e-01 7.096925238020912463e-01 3.639097744360900721e-01
6.699999999999999289e-01 3.003105763329675382e-01 6.222695881639870308e-01 7.729885057471264087e-01 4.673645320197044040e-01 7.362260028094269604e-01 3.488721804511276670e-01
5.700000000000000622e-01 2.283386955794015072e-01 6.265049242416200759e-01 8.017241379310343641e-01 4.858374384236453514e-01 7.494927423130950395e-01 3.338345864661652618e-01
4.299999999999999933e-01 1.275594651392014112e-01 6.307402603192530099e-01 8.304597701149423195e-01 5.043103448275862988e-01 7.627594818167626745e-01 3.338345864661652618e-01
3.399999999999999689e-01 1.618902382325044798e-01 5.922401000346044775e-01 4.425287356321838117e-01 5.874384236453203956e-01 3.905103792726703493e-01 1.939849624060147049e-01
4.599999999999999645e-01 3.803723196518569161e-01 5.923250190537048265e-01 4.712643678160918781e-01 5.320197044334976644e-01 4.466989230529105903e-01 2.360902255639096003e-01
4.899999999999999911e-01 4.349928400066950251e-01 5.923674785632551121e-01 4.856321839080459668e-01 5.043103448275862988e-01 4.747931949430310161e-01 2.345864661654138705e-01
5.000000000000000000e-01 4.532182775101820660e-01 5.924099380728052866e-01 4.999999999999999445e-01 4.766009852216748777e-01 5.028874668331512199e-01 2.646616541353387086e-01
4.899999999999999911e-01 4.349928400066950251e-01 5.924523975823554611e-01 5.143678160919539222e-01 4.488916256157635121e-01 5.309817387232712571e-01 2.646616541353387086e-01
4.100000000000000311e-01 2.893381190604600861e-01 5.925373166014558102e-01 5.431034482758619886e-01 3.934729064039407809e-01 5.871702825035115536e-01 3.248120300751883294e-01
3.399999999999999689e-01 1.618902382325044798e-01 5.925797761110060957e-01 5.574712643678160218e-01 3.657635467980294153e-01 6.152645543936317019e-01 5.353383458646620019e-01
2.696000000000000063e-01 3.369846199624332295e-02 5.926137437186461687e-01 5.689655172413793371e-01 3.435960591133003783e-01 6.377399719057278427e-01 8.360902255639101055e-01
2.696000000000000063e-01 9.745029848803257386e-03 6.307232765154329179e-01 8.505747126436780103e-01 5.184729064039410584e-01 7.638520368347118117e-01 3.007518796992481036e-01
3.064000000000000057e-01 3.180152870506406521e-02 6.222186367525267547e-01 8.333333333333333703e-01 5.098522167487685719e-01 7.395036678632744831e-01 2.706766917293232932e-01
3.399999999999999689e-01 5.194249688493797479e-02 6.137139969896207026e-01 8.160919540229883973e-01 5.012315270935960854e-01 7.151552988918369325e-01 2.556390977443608881e-01
4.100000000000000311e-01 9.387960052816571310e-02 5.924523975823554611e-01 7.729885057471264087e-01 4.796798029556650356e-01 6.542843764632431114e-01 2.255639097744360777e-01
4.599999999999999645e-01 1.238399880976734507e-01 5.711907981750902197e-01 7.298850574712643091e-01 4.581280788177339858e-01 5.934134540346495124e-01 2.240601503759395152e-01
5.000000000000000000e-01 1.477934202451135215e-01 5.286675993605597368e-01 6.436781609195402210e-01 4.150246305418718307e-01 4.716716091774619257e-01 1.789473684210522997e-01
4.899999999999999911e-01 1.418050622082535073e-01 5.074059999532944953e-01 6.005747126436780103e-01 3.934729064039407809e-01 4.108006867488683822e-01 1.488721804511274893e-01
4.599999999999999645e-01 1.238399880976734507e-01 4.861444005460292539e-01 5.574712643678160218e-01 3.719211822660097311e-01 3.499297643202745611e-01 1.338345864661650841e-01
4.100000000000000311e-01 9.387960052816571310e-02 4.648828011387640124e-01 5.143678160919539222e-01 3.503694581280786813e-01 2.890588418916807401e-01 1.338345864661650841e-01
4.299999999999999933e-01 1.842814900225028252e-01 7.077405808885501859e-01 8.304597701149423195e-01 6.096059113300473370e-02 2.570625877945993953e-01 1.593984962406018446e-01
5.700000000000000622e-01 3.291737181752245611e-01 6.949496536365509236e-01 8.017241379310343641e-01 9.174876847290625026e-02 2.999843920711719458e-01 1.593984962406018446e-01
6.699999999999999289e-01 4.326681668557401106e-01 6.821587263845514393e-01 7.729885057471264087e-01 1.225369458128077738e-01 3.429061963477445518e-01 1.443609022556394395e-01
7.299999999999999822e-01 4.947648360640493626e-01 6.693677991325521770e-01 7.442528735632182313e-01 1.533251231527092973e-01 3.858280006243171023e-01 1.744360902255642498e-01
7.299999999999999822e-01 4.947648360640493626e-01 6.437859446285535414e-01 6.867816091954020985e-01 2.149014778325123165e-01 4.716716091774619257e-01 1.684210526315787770e-01
6.699999999999999289e-01 4.326681668557401106e-01 6.309950173765542791e-01 6.580459770114941431e-01 2.456896551724138400e-01 5.145934134540344207e-01 2.045112781954890602e-01
5.700000000000000622e-01 3.291737181752245611e-01 6.182040901245550168e-01 6.293103448275861878e-01 2.764778325123153357e-01 5.575152177306069712e-01 3.097744360902259242e-01
4.299999999999999933e-01 1.842814900225028252e-01 6.054131628725556435e-01 6.005747126436780103e-01 3.072660098522168592e-01 6.004370220071795217e-01 4.451127819548875708e-01
5.700000000000000622e-01 1.498949247735767987e-01 8.560622626248044487e-01 7.442528735632182313e-01 4.488916256157635121e-01 4.763539878258154503e-01 3.308270676691729140e-01
6.699999999999999289e-01 1.973554518234736377e-01 8.391209183142724903e-01 7.586206896551722645e-01 3.965517241379309388e-01 4.435773372873417775e-01 2.706766917293232932e-01
7.299999999999999822e-01 2.258466459615778021e-01 8.221795740037406430e-01 7.729885057471264087e-01 3.442118226600986985e-01 4.108006867488683822e-01 2.406015037593984829e-01
7.500000000000000000e-01 2.353313124174740978e-01 8.052382296932087957e-01 7.873563218390804419e-01 2.918719211822661252e-01 3.780240362103947094e-01 2.105263157894736725e-01
6.699999999999999289e-01 1.973554518234736377e-01 7.713555410721449901e-01 8.160919540229883973e-01 1.871921182266009509e-01 3.124707351334476413e-01 1.654135338345864570e-01
5.700000000000000622e-01 1.498949247735767987e-01 7.544141967616131428e-01 8.304597701149423195e-01 1.348522167487683776e-01 2.796940845949741905e-01 1.503759398496240518e-01
4.299999999999999933e-01 8.344646742667979900e-02 7.374728524510814065e-01 8.448275862068965747e-01 8.251231527093579043e-02 2.469174340565005454e-01 1.353383458646616466e-01
2.892000000000000126e-01 2.134979821837049499e-02 4.522107605135053388e-01 4.396551724137930384e-01 3.312807881773398022e-01 5.522085219291397173e-01 6.932330827067673118e-01
4.299999999999999933e-01 1.051496159639954409e-01 4.862717790746798885e-01 4.856321839080459668e-01 3.041871921182267013e-01 5.309817387232712571e-01 5.413533834586465865e-01
5.700000000000000622e-01 1.884844990794294350e-01 5.288480522761480618e-01 5.431034482758619886e-01 2.703201970443350755e-01 5.044482597159355430e-01 4.661654135338345606e-01
6.699999999999999289e-01 2.480147291290844547e-01 5.714243254776164571e-01 6.005747126436780103e-01 2.364532019704433941e-01 4.779147807085998845e-01 3.909774436090225347e-01
7.299999999999999822e-01 2.837403061129605275e-01 6.140005986790846304e-01 6.580459770114941431e-01 2.025862068965517127e-01 4.513813017012641704e-01 4.060150375939849399e-01
7.299999999999999822e-01 2.837403061129605275e-01 6.991531450820211990e-01 7.729885057471264087e-01 1.348522167487683776e-01 3.983143436865927423e-01 3.924812030075191527e-01
6.699999999999999289e-01 2.480147291290844547e-01 7.417294182834893723e-01 8.304597701149423195e-01 1.009852216748767101e-01 3.717808646792570282e-01 3.924812030075191527e-01
5.700000000000000622e-01 1.884844990794294350e-01 7.843056914849575456e-01 8.879310344827584522e-01 6.711822660098502868e-02 3.452473856719213141e-01 3.924812030075191527e-01
4.299999999999999933e-01 1.051496159639954409e-01 8.268819646864258299e-01 9.454022988505745850e-01 3.325123152709336810e-02 3.187139066645856000e-01 3.924812030075191527e-01
2.500000000000000000e-01 2.882594707184169686e-02 7.354241811152838482e-01 8.735632183908045301e-01 2.709359605911306271e-02 2.219447479319492378e-01 1.503759398496240518e-01
2.500000000000000000e-01 5.279797660448939944e-02 7.503168540900183592e-01 8.879310344827584522e-01 2.401477832512291175e-02 2.297487123458716307e-01 1.804511278195488622e-01
2.500000000000000000e-01 6.990757099551803133e-02 7.652095270647528702e-01 9.022988505747124854e-01 2.093596059113275731e-02 2.375526767597937461e-01 1.804511278195488622e-01
2.500000000000000000e-01 8.017332763013521046e-02 7.801022000394872702e-01 9.166666666666666297e-01 1.785714285714260635e-02 2.453566411737161113e-01 2.105263157894736725e-01
2.500000000000000000e-01 8.017332763013521046e-02 8.098875459889561812e-01 9.454022988505745850e-01 1.169950738916230269e-02 2.609645700015605918e-01 2.556390977443608881e-01
2.500000000000000000e-01 6.990757099551803133e-02 8.247802189636906922e-01 9.597701149425286182e-01 8.620689655172151730e-03 2.687685344154829847e-01 3.007518796992481036e-01
2.500000000000000000e-01 5.279797660448939944e-02 8.396728919384252032e-01 9.741379310344825404e-01 5.541871921181999901e-03 2.765724988294051001e-01 3.308270676691729140e-01
2.500000000000000000e-01 2.882594707184169686e-02 8.545655649131596032e-01 9.885057471264367956e-01 2.463054187191848071e-03 2.843764632433274930e-01 3.609022556390977243e-01
2.500000000000000000e-01 4.723735842740509928e-03 8.664797032929472120e-01 1.000000000000000000e+00 0.000000000000000000e+00 2.906196347744651742e-01 4.060150375939849399e-01
2.892000000000000126e-01 7.624927935132321498e-04 8.549880370331841561e-01 9.856321839080457448e-01 4.926108374384037883e-03 2.917121897924145335e-01 3.503759398496242294e-01
4.299999999999999933e-01 1.061910695356232774e-02 7.971072336143444348e-01 9.166666666666666297e-01 2.709359605911306271e-02 2.898392383330730682e-01 3.203007518796994191e-01
5.700000000000000622e-01 2.041992895798850488e-02 7.247562293407948664e-01 8.304597701149423195e-01 5.480295566502442484e-02 2.874980490088963059e-01 2.902255639097746087e-01
7.299999999999999822e-01 3.161555485298767065e-02 5.800542207936955075e-01 6.580459770114941431e-01 1.102216748768471560e-01 2.828156703605430589e-01 2.751879699248122035e-01
7.500000000000000000e-01 3.302895612876829284e-02 5.077032165201460501e-01 5.718390804597700550e-01 1.379310344827585355e-01 2.804744810363662966e-01 2.751879699248122035e-01
7.299999999999999822e-01 3.161555485298767065e-02 4.353522122465963706e-01 4.856321839080459668e-01 1.656403940886699011e-01 2.781332917121898118e-01 2.751879699248122035e-01
6.699999999999999289e-01 2.743114318126871343e-02 3.630012079730466912e-01 3.994252873563217676e-01 1.933497536945812667e-01 2.757921023880130496e-01 2.751879699248122035e-01
4.299999999999999933e-01 1.061910695356232774e-02 2.182991994259474433e-01 2.270114942528735358e-01 2.487684729064039979e-01 2.711097237396594695e-01 2.751879699248122035e-01
2.892000000000000126e-01 7.624927935132321498e-04 1.604183960071077220e-01 1.580459770114942541e-01 2.709359605911330071e-01 2.692367722803183372e-01 3.052631578947370139e-01
2.892000000000000126e-01 0.000000000000000000e+00 1.149166625976302640e-02 1.436781609195403320e-02 2.715517241379309943e-01 0.000000000000000000e+00 3.323308270676695320e-01
4.299999999999999933e-01 7.122798534526045451e-03 6.937246967860276337e-02 8.333333333333332871e-02 2.518472906403941280e-01 1.748088028718563017e-02 1.353383458646616466e-01
6.699999999999999289e-01 1.924829368990719700e-02 2.140744782257019974e-01 2.557471264367815467e-01 2.025862068965517127e-01 6.118308100515053305e-02 7.518796992481202590e-02
7.299999999999999822e-01 2.227966747875248510e-02 2.864254824992516490e-01 3.419540229885056903e-01 1.779556650246305050e-01 8.303418136413298623e-02 6.015037593984962072e-02
7.500000000000000000e-01 2.330252366517267942e-02 3.587764867728013285e-01 4.281609195402298340e-01 1.533251231527092973e-01 1.048852817231151618e-01 6.015037593984962072e-02
7.299999999999999822e-01 2.227966747875248510e-02 4.311274910463509524e-01 5.143678160919539222e-01 1.286945812807880618e-01 1.267363820820976150e-01 6.015037593984962072e-02
5.700000000000000622e-01 1.418980491342916941e-02 5.758294995934500893e-01 6.867816091954020985e-01 7.943349753694564641e-02 1.704385828000622438e-01 6.165413533834620402e-02
4.299999999999999933e-01 7.122798534526045451e-03 6.481805038669997687e-01 7.729885057471264087e-01 5.480295566502442484e-02 1.922896831590446831e-01 6.165413533834620402e-02
2.892000000000000126e-01 0.000000000000000000e+00 7.060613072858394901e-01 8.419540229885055238e-01 3.509852216748759329e-02 2.097705634462306012e-01 6.165413533834620402e-02
2.892000000000000126e-01 1.753733425080433381e-02 3.033880565645586391e-01 2.959770114942528174e-01 3.017241379310345306e-01 4.359294521616980389e-01 5.293233082706765291e-01
3.628000000000000114e-01 5.419278049506238981e-02 3.204143198941908910e-01 3.189655172413792816e-01 2.906403940886698734e-01 4.268768534415482430e-01 3.789473684210524773e-01
4.299999999999999933e-01 8.764947648360639498e-02 3.374405832238231429e-01 3.419540229885056903e-01 2.795566502463054936e-01 4.178242547213983915e-01 3.172932330827071268e-01
5.700000000000000622e-01 1.573710736270480248e-01 3.800062415479039113e-01 3.994252873563217676e-01 2.518472906403941280e-01 3.951927579210238739e-01 2.120300751879702628e-01
6.699999999999999289e-01 2.071748712131074310e-01 4.225718998719845132e-01 4.568965517241379004e-01 2.241379310344827624e-01 3.725612611206490787e-01 1.819548872180454524e-01
7.500000000000000000e-01 2.470104703278718783e-01 5.077032165201460501e-01 5.718390804597700550e-01 1.687192118226600313e-01 3.272982675199000435e-01 1.383458646616539667e-01
7.299999999999999822e-01 2.370422718565769749e-01 5.502688748442265965e-01 6.293103448275861878e-01 1.410098522167486657e-01 3.046667707195255259e-01 1.383458646616539667e-01
6.699999999999999289e-01 2.071748712131074310e-01 5.928345331683073649e-01 6.867816091954020985e-01 1.133004926108373139e-01 2.820352739191507307e-01 1.383458646616539667e-01
5.700000000000000622e-01 1.573710736270480248e-01 6.354001914923881333e-01 7.442528735632182313e-01 8.559113300492594834e-02 2.594037771187762131e-01 1.383458646616539667e-01
2.793999999999999817e-01 2.927228431682505488e-02 4.637618700866386612e-01 2.873563218390804419e-01 8.201970443349756446e-01 6.720774153269859497e-01 7.112781954887219538e-01
3.850000000000000089e-01 1.415632962005541895e-01 4.603820931264421823e-01 2.988505747126436463e-01 7.783251231527094083e-01 6.308724832214764877e-01 5.157894736842106864e-01
4.899999999999999911e-01 2.532405943724312380e-01 4.561573719261968196e-01 3.132183908045976795e-01 7.259852216748772236e-01 5.793663180895894937e-01 3.954887218045114450e-01
5.649999999999999467e-01 3.329861821427906876e-01 4.519326507259514569e-01 3.275862068965516571e-01 6.736453201970445948e-01 5.278601529577024998e-01 3.052631578947370139e-01
6.250000000000000000e-01 3.967938107902028722e-01 4.434832083254605650e-01 3.563218390804597235e-01 5.689655172413794482e-01 4.248478226939284563e-01 2.451127819548873932e-01
6.099999999999999867e-01 3.808372542820478990e-01 4.392584871252152023e-01 3.706896551724137567e-01 5.166256157635468194e-01 3.733416575620414068e-01 2.000000000000001776e-01
5.649999999999999467e-01 3.329861821427906876e-01 4.350337659249697841e-01 3.850574712643677899e-01 4.642857142857142461e-01 3.218354924301544129e-01 2.000000000000001776e-01
4.899999999999999911e-01 2.532405943724312380e-01 4.308090447247244215e-01 3.994252873563217676e-01 4.119458128078816728e-01 2.703293272982674189e-01 1.699248120300753673e-01
2.401999999999999968e-01 7.518922839448773099e-02 8.929956670070503533e-01 7.011494252873563537e-01 6.129926108374385008e-01 8.368971437490242415e-01 1.000000000000000000e+00
2.217999999999999972e-01 2.201186513176247306e-01 8.564252914314586240e-01 6.724137931034481763e-01 5.991379310344829845e-01 8.025597003277664676e-01 8.345864661654135430e-01
2.050000000000000155e-01 3.524204496847743173e-01 8.198549158558668948e-01 6.436781609195402210e-01 5.855911330049261565e-01 7.682222569065083606e-01 6.992481203007518964e-01
1.699999999999999845e-01 6.280894906176190950e-01 7.284289769168875717e-01 5.718390804597700550e-01 5.511083743842364324e-01 6.823786483533634817e-01 5.187969924812030342e-01
1.300000000000000044e-01 9.431105986498298233e-01 5.455770990389290365e-01 4.281609195402298340e-01 4.824507389162562276e-01 5.106914312470732797e-01 4.436090225563909528e-01
1.250000000000000000e-01 9.824998605196109125e-01 4.541511600999497134e-01 3.563218390804597235e-01 4.482758620689655249e-01 4.248478226939284563e-01 3.984962406015037373e-01
1.300000000000000044e-01 9.431105986498298233e-01 3.627252211609703902e-01 2.844827586206896131e-01 4.137931034482759118e-01 3.390042141407833554e-01 4.135338345864661425e-01
1.450000000000000178e-01 8.249800078109017498e-01 2.712992822219910116e-01 2.126436781609195026e-01 3.796182266009852646e-01 2.531606055876384764e-01 3.984962406015037373e-01
2.050000000000000155e-01 3.524204496847743173e-01 8.844740434403240703e-02 6.896551724137929551e-02 3.109605911330050043e-01 8.147338848134828837e-02 3.834586466165413321e-01
2.401999999999999968e-01 2.041992895798850488e-02 4.582336419432018748e-01 2.816091954022987842e-01 8.195812807881776019e-01 6.741064460746057918e-01 7.804511278195485069e-01
2.050000000000000155e-01 1.009466069070688449e-01 4.327409524092586390e-01 2.701149425287355799e-01 7.752463054187193059e-01 6.410176369595753654e-01 6.902255639097740758e-01
1.699999999999999845e-01 1.810269476111658338e-01 4.008750904918296776e-01 2.557471264367815467e-01 7.198275862068969078e-01 5.996566255657872491e-01 6.150375939849620499e-01
1.300000000000000044e-01 2.725260828327537022e-01 3.371433666569716436e-01 2.270114942528735358e-01 6.089901477832514454e-01 5.169346027782112385e-01 5.248120300751876188e-01
1.250000000000000000e-01 2.839634747354521926e-01 3.052775047395427377e-01 2.126436781609195026e-01 5.535714285714287142e-01 4.755735913844231222e-01 4.947368421052628085e-01
1.300000000000000044e-01 2.725260828327537022e-01 2.734116428221137762e-01 1.982758620689654694e-01 4.981527093596059275e-01 4.342125799906352279e-01 4.796992481203004033e-01
1.450000000000000178e-01 2.382139071246582862e-01 2.415457809046847593e-01 1.839080459770114362e-01 4.427339901477831963e-01 3.928515685968471116e-01 4.796992481203004033e-01
2.050000000000000155e-01 1.009466069070688449e-01 1.778140570698268086e-01 1.551724137931034531e-01 3.318965517241380669e-01 3.101295458092708235e-01 4.496240601503755929e-01
3.088000000000000189e-01 2.317234196871919769e-02 4.727038427979118329e-01 2.988505747126436463e-01 8.140394088669953288e-01 6.745746839394410888e-01 6.255639097744364330e-01
4.192000000000000171e-01 7.042829778133194440e-02 4.888978997403600757e-01 3.275862068965516571e-01 7.807881773399015790e-01 6.589667551115966360e-01 4.601503759398499760e-01
5.200000000000000178e-01 1.135556340778486328e-01 5.050919566828082630e-01 3.563218390804597235e-01 7.475369458128079403e-01 6.433588262837520722e-01 4.150375939849627605e-01
8.800000000000000044e-01 2.676349705231444442e-01 5.860622413950495879e-01 4.999999999999999445e-01 5.812807881773400798e-01 5.653191821445293641e-01 4.000000000000003553e-01
9.699999999999999734e-01 3.061501552881664701e-01 6.265473837511702504e-01 5.718390804597700550e-01 4.981527093596059275e-01 5.262993600749180656e-01 3.699248120300755449e-01
1.000000000000000000e+00 3.189823510814379093e-01 6.670325261072909129e-01 6.436781609195402210e-01 4.150246305418718307e-01 4.872795380053066561e-01 3.849624060150379501e-01
9.699999999999999734e-01 3.061501552881664701e-01 7.075176684634115754e-01 7.155172413793102759e-01 3.318965517241380669e-01 4.482597159356953020e-01 3.548872180451131397e-01
7.299999999999999822e-01 2.034367967863718318e-01 7.884879531756529003e-01 8.591954022988504969e-01 1.656403940886699011e-01 3.702200717964725940e-01 3.699248120300755449e-01
5.200000000000000178e-01 1.135556340778486328e-01 8.289730955317734518e-01 9.310344827586206629e-01 8.251231527093579043e-02 3.312002497268612400e-01 3.548872180451131397e-01
3.850000000000000089e-01 1.779955738223205630e-01 3.071457231597517490e-01 1.695402298850574863e-01 1.000000000000000000e+00 9.328859060402682202e-01 6.676691729323305236e-01
4.899999999999999911e-01 3.179780922802253884e-01 3.199472652891386937e-01 1.982758620689654694e-01 9.230295566502465521e-01 8.478226939285155028e-01 5.473684210526312821e-01
6.099999999999999867e-01 4.779527998363430341e-01 3.455503495479123055e-01 2.557471264367815467e-01 7.690886699507389901e-01 6.776962697050099571e-01 3.368421052631575541e-01
6.250000000000000000e-01 4.979449889345557989e-01 3.583518916772991947e-01 2.844827586206896131e-01 6.921182266009855422e-01 5.926330575932572398e-01 2.466165413533831230e-01
6.099999999999999867e-01 4.779527998363430341e-01 3.711534338066860839e-01 3.132183908045976795e-01 6.151477832512317612e-01 5.075698454815044114e-01 2.015037593984959075e-01
5.649999999999999467e-01 4.179576351564970316e-01 3.839549759360729730e-01 3.419540229885056903e-01 5.381773399014778692e-01 4.225066333697516940e-01 2.015037593984959075e-01
3.850000000000000089e-01 1.779955738223205630e-01 4.095580601948466404e-01 3.994252873563217676e-01 3.842364532019703072e-01 2.523802091462461483e-01 1.413533834586462867e-01
2.949999999999999845e-01 4.314593368172434627e-03 3.955527909697113126e-02 4.022988505747126381e-02 2.795566502463054936e-01 1.279850163883236580e-02 3.067669172932327437e-01
3.300000000000000155e-01 9.224303062989342578e-03 8.208909278888922023e-02 8.333333333333332871e-02 2.826354679802956515e-01 2.996722334946127705e-02 2.766917293233079334e-01
3.549999999999999822e-01 1.272061148202562747e-02 1.246229064808072468e-01 1.264367816091953589e-01 2.857142857142858094e-01 4.713594506009046586e-02 2.466165413533831230e-01
3.750000000000000000e-01 1.551021926317159780e-02 2.096905338646433692e-01 2.126436781609195026e-01 2.918719211822661252e-01 8.147338848134828837e-02 1.864661654135335023e-01
3.699999999999999956e-01 1.482211601048892199e-02 2.522243475565613680e-01 2.557471264367815467e-01 2.949507389162562832e-01 9.864211019197746677e-02 1.864661654135335023e-01
3.549999999999999822e-01 1.272061148202562747e-02 2.947581612484794222e-01 2.988505747126436463e-01 2.980295566502464411e-01 1.158108319026063815e-01 1.714285714285710971e-01
3.300000000000000155e-01 9.224303062989342578e-03 3.372919749403974765e-01 3.419540229885056903e-01 3.011083743842365434e-01 1.329795536132352962e-01 1.563909774436086919e-01
1.600000000000000033e-01 5.052909560915734566e-02 2.650895789502735189e-01 2.557471264367815467e-01 2.764778325123153357e-01 2.625253628843450260e-01 4.120300751879695800e-01
8.999999999999999667e-02 9.138755091034199418e-02 2.353042330008046079e-01 2.270114942528735358e-01 2.764778325123153357e-01 2.328702981114404713e-01 4.120300751879695800e-01
4.000000000000000777e-02 1.205668483011288483e-01 2.055188870513356969e-01 1.982758620689654694e-01 2.764778325123153357e-01 2.032152333385359166e-01 3.984962406015037373e-01
1.000000000000000888e-02 1.380669877815179081e-01 1.757335411018667026e-01 1.695402298850574863e-01 2.764778325123153357e-01 1.735601685656310844e-01 3.984962406015037373e-01
1.000000000000000888e-02 1.380669877815179081e-01 1.161628492029288945e-01 1.120689655172413673e-01 2.764778325123153357e-01 1.142500390198219612e-01 3.669172932330823644e-01
4.000000000000000777e-02 1.205668483011288483e-01 8.637750325345991409e-02 8.333333333333332871e-02 2.764778325123153357e-01 8.459497424691740652e-02 3.684210526315789269e-01
8.999999999999999667e-02 9.138755091034199418e-02 5.659215730399100308e-02 5.459770114942526231e-02 2.764778325123153357e-01 5.493990947401256736e-02 3.684210526315789269e-01
1.600000000000000033e-01 5.052909560915734566e-02 2.680681135452201574e-02 2.586206896551723061e-02 2.764778325123153357e-01 2.528484470110801269e-02 3.533834586466165217e-01
3.300000000000000155e-01 1.025831768053411530e-01 3.203718603846407165e-01 3.132183908045976795e-01 2.826354679802956515e-01 2.672077415326985506e-01 2.962406015037592488e-01
3.549999999999999822e-01 1.352773800003719273e-01 3.331203281270898042e-01 3.275862068965516571e-01 2.857142857142858094e-01 2.547213984704229106e-01 2.511278195488720333e-01
3.699999999999999956e-01 1.548790240092242920e-01 3.458687958695388365e-01 3.419540229885056903e-01 2.887931034482759673e-01 2.422350554081472707e-01 2.195488721804514654e-01
3.750000000000000000e-01 1.614067062171058720e-01 3.586172636119880353e-01 3.563218390804597235e-01 2.918719211822661252e-01 2.297487123458716307e-01 2.045112781954890602e-01
3.549999999999999822e-01 1.352773800003719273e-01 3.841141990968862663e-01 3.850574712643677899e-01 2.980295566502464411e-01 2.047760262213203231e-01 1.834586466165411822e-01
3.300000000000000155e-01 1.025831768053411530e-01 3.968626668393352985e-01 3.994252873563217676e-01 3.011083743842365434e-01 1.922896831590446831e-01 1.593984962406018446e-01
2.949999999999999845e-01 5.683360919454724658e-02 4.096111345817844973e-01 4.137931034482758008e-01 3.041871921182267013e-01 1.798033400967690432e-01 1.593984962406018446e-01
2.949999999999999845e-01 1.331758754719086224e-01 4.415619155183138078e-01 4.281609195402298340e-01 3.349753694581282248e-01 5.184953956609956727e-01 4.872180451127816059e-01
3.549999999999999822e-01 3.133845381339383507e-01 4.372947348085181596e-01 4.281609195402298340e-01 3.288177339901479646e-01 4.404557515217729091e-01 2.315789473684207178e-01
3.699999999999999956e-01 3.584274051068419564e-01 4.351611444536204187e-01 4.281609195402298340e-01 3.257389162561578067e-01 4.014359294521615551e-01 2.165413533834583126e-01
3.750000000000000000e-01 3.734540923546149638e-01 4.330275540987225114e-01 4.281609195402298340e-01 3.226600985221676487e-01 3.624161073825502011e-01 1.879699248120300648e-01
3.699999999999999956e-01 3.584274051068419564e-01 4.308939637438247705e-01 4.281609195402298340e-01 3.195812807881774908e-01 3.233962853129388471e-01 1.729323308270676596e-01
3.300000000000000155e-01 2.382882966654888413e-01 4.266267830340291778e-01 4.281609195402298340e-01 3.134236453201971750e-01 2.453566411737161113e-01 1.879699248120300648e-01
2.949999999999999845e-01 1.331758754719086224e-01 4.244931926791314369e-01 4.281609195402298340e-01 3.103448275862070171e-01 2.063368191041047572e-01 1.714285714285710971e-01
4.299999999999999933e-01 2.919789477599449030e-03 6.009655292471717258e-01 8.017241379310343641e-01 4.981527093596059275e-01 7.276416419541125169e-01 2.556390977443608881e-01
5.700000000000000622e-01 6.732253445165608044e-03 5.669554620974572856e-01 7.442528735632182313e-01 4.735221674876847198e-01 6.792570625877943913e-01 2.406015037593984829e-01
7.299999999999999822e-01 1.108404158375332280e-02 4.989353277980285717e-01 6.293103448275861878e-01 4.242610837438423044e-01 5.824879038551583621e-01 2.406015037593984829e-01
7.500000000000000000e-01 1.162336575477487810e-02 4.649252606483142980e-01 5.718390804597700550e-01 3.996305418719210967e-01 5.341033244888401255e-01 2.556390977443608881e-01
7.299999999999999822e-01 1.108404158375332280e-02 4.309151934985998578e-01 5.143678160919539222e-01 3.749999999999998890e-01 4.857187451225219998e-01 2.556390977443608881e-01
6.699999999999999289e-01 9.447471685481019857e-03 3.969051263488855841e-01 4.568965517241379004e-01 3.503694581280786813e-01 4.373341657562040963e-01 2.556390977443608881e-01
4.299999999999999933e-01 2.919789477599449030e-03 3.288849920494568702e-01 3.419540229885056903e-01 3.011083743842365434e-01 3.405650070235677340e-01 3.157894736842105088e-01
2.949999999999999845e-01 1.601606814081939778e-01 4.244931926791314369e-01 4.281609195402298340e-01 3.103448275862070171e-01 1.930700796004367614e-01 1.172932330827069353e-01
3.300000000000000155e-01 2.862695505011995101e-01 4.266267830340291778e-01 4.281609195402298340e-01 3.134236453201971750e-01 2.188231621663803972e-01 1.323308270676693543e-01
3.549999999999999822e-01 3.763552844470067771e-01 4.287603733889269186e-01 4.281609195402298340e-01 3.165024630541873329e-01 2.445762447323237554e-01 1.473684210526317595e-01
3.750000000000000000e-01 4.484201521266109602e-01 4.330275540987225114e-01 4.281609195402298340e-01 3.226600985221676487e-01 2.960824098642108049e-01 1.774436090225565699e-01
3.699999999999999956e-01 4.303992858604080429e-01 4.351611444536204187e-01 4.281609195402298340e-01 3.257389162561578067e-01 3.218354924301544129e-01 2.075187969924813802e-01
3.549999999999999822e-01 3.763552844470067771e-01 4.372947348085181596e-01 4.281609195402298340e-01 3.288177339901479646e-01 3.475885749960977988e-01 2.375939849624061906e-01
3.300000000000000155e-01 2.862695505011995101e-01 4.394283251634160670e-01 4.281609195402298340e-01 3.318965517241380669e-01 3.733416575620414068e-01 2.977443609022558113e-01
5.200000000000000178e-01 8.764947648360639498e-02 6.179387181898661208e-01 8.017241379310343641e-01 5.535714285714287142e-01 7.666614640237239264e-01 3.172932330827071268e-01
7.299999999999999822e-01 1.573710736270480248e-01 6.009018399828464085e-01 7.442528735632182313e-01 5.843596059113301822e-01 7.572967067270170993e-01 3.172932330827071268e-01
8.800000000000000044e-01 2.071748712131074310e-01 5.838649617758264743e-01 6.867816091954020985e-01 6.151477832512317612e-01 7.479319494303106053e-01 3.323308270676695320e-01
9.699999999999999734e-01 2.370422718565769749e-01 5.668280835688066510e-01 6.293103448275861878e-01 6.459359605911332292e-01 7.385671921336037782e-01 3.323308270676695320e-01
9.699999999999999734e-01 2.370422718565769749e-01 5.327543271547671155e-01 5.143678160919539222e-01 7.075123152709362762e-01 7.198376775401901240e-01 3.774436090225567475e-01
8.800000000000000044e-01 2.071748712131074310e-01 5.157174489477471813e-01 4.568965517241379004e-01 7.383004926108374111e-01 7.104729202434836299e-01 4.075187969924815579e-01
7.299999999999999822e-01 1.573710736270480248e-01 4.986805707407273025e-01 3.994252873563217676e-01 7.690886699507389901e-01 7.011081629467768028e-01 4.526315789473687734e-01
5.200000000000000178e-01 8.764947648360639498e-02 4.816436925337074237e-01 3.419540229885056903e-01 7.998768472906404581e-01 6.917434056500699757e-01 5.428571428571431490e-01
4.899999999999999911e-01 6.392851165126183233e-01 5.201438528183560672e-01 4.856321839080459668e-01 3.697660098522168592e-01 3.046667707195255259e-01 1.338345864661650841e-01
5.649999999999999467e-01 8.396905395101448288e-01 5.690359780654172805e-01 5.143678160919539222e-01 4.011699507389163144e-01 3.733416575620414068e-01 1.639097744360898945e-01
6.099999999999999867e-01 9.599226348775361517e-01 6.179281033124787159e-01 5.431034482758619886e-01 4.322660098522168592e-01 4.420165444045573433e-01 1.939849624060147049e-01
6.250000000000000000e-01 1.000000000000000000e+00 6.668202285595399292e-01 5.718390804597700550e-01 4.636699507389163144e-01 5.106914312470732797e-01 2.090225563909771100e-01
5.649999999999999467e-01 8.396905395101448288e-01 7.646044790536624669e-01 6.293103448275861878e-01 5.261699507389162589e-01 6.480412049321053747e-01 2.842105263157891359e-01
4.899999999999999911e-01 6.392851165126183233e-01 8.134966043007236802e-01 6.580459770114941431e-01 5.572660098522167482e-01 7.167160917746212556e-01 3.593984962406011618e-01
3.850000000000000089e-01 3.587249632701641766e-01 8.623887295477848935e-01 6.867816091954020985e-01 5.886699507389162589e-01 7.853909786171374696e-01 4.496240601503755929e-01
2.892000000000000126e-01 3.187591824589462719e-02 5.981589556659030471e-01 5.804597701149423195e-01 3.312807881773398022e-01 6.363352583112220628e-01 8.601503759398494431e-01
5.700000000000000622e-01 2.744044187387253420e-01 6.479894360740238168e-01 6.580459770114941431e-01 2.703201970443350755e-01 5.731231465584515350e-01 5.443609022556389343e-01
6.699999999999999289e-01 3.607706756430045791e-01 6.756730363007577012e-01 7.011494252873563537e-01 2.364532019704433941e-01 5.380053066958013774e-01 4.992481203007517188e-01
7.299999999999999822e-01 4.125829908314890826e-01 7.033566365274913634e-01 7.442528735632182313e-01 2.025862068965517127e-01 5.028874668331512199e-01 4.691729323308269084e-01
7.500000000000000000e-01 4.298599616893863939e-01 7.310402367542251367e-01 7.873563218390804419e-01 1.687192118226600313e-01 4.677696269705010068e-01 4.541353383458645032e-01
6.699999999999999289e-01 3.607706756430045791e-01 7.864074372076927943e-01 8.735632183908045301e-01 1.009852216748767101e-01 3.975339472452003586e-01 4.240601503759396929e-01
5.700000000000000622e-01 2.744044187387253420e-01 8.140910374344264566e-01 9.166666666666666297e-01 6.711822660098502868e-02 3.624161073825502011e-01 4.240601503759396929e-01
4.299999999999999933e-01 1.534842201186512878e-01 8.417746376611603409e-01 9.597701149425286182e-01 3.325123152709336810e-02 3.272982675199000435e-01 4.090225563909772877e-01
2.696000000000000063e-01 2.172174592252329103e-02 1.000000000000000000e+00 8.448275862068965747e-01 6.083743842364534027e-01 6.052754799438111455e-01 6.646616541353381757e-01
4.100000000000000311e-01 1.915716650238976360e-01 8.431333419667669249e-01 7.155172413793102759e-01 5.474137931034483984e-01 5.434680817855469526e-01 4.736842105263157632e-01
4.599999999999999645e-01 2.520689591043499544e-01 7.559851986149708214e-01 6.436781609195402210e-01 5.135467980295567170e-01 5.091306383642888456e-01 4.436090225563909528e-01
4.899999999999999911e-01 2.883524576444551624e-01 6.688370552631746069e-01 5.718390804597700550e-01 4.796798029556650356e-01 4.747931949430310161e-01 4.285714285714285476e-01
5.000000000000000000e-01 3.004593554146287038e-01 5.816889119113785034e-01 4.999999999999999445e-01 4.458128078817733542e-01 4.404557515217729091e-01 4.360902255639097502e-01
4.599999999999999645e-01 2.520689591043499544e-01 4.073926252077862409e-01 3.563218390804597235e-01 3.780788177339900469e-01 3.717808646792570282e-01 4.285714285714285476e-01
4.100000000000000311e-01 1.915716650238976360e-01 3.202444818559900819e-01 2.844827586206896131e-01 3.442118226600986985e-01 3.374434212579989212e-01 4.285714285714285476e-01
3.399999999999999689e-01 1.068977701735135954e-01 2.330963385041939506e-01 2.126436781609195026e-01 3.103448275862070171e-01 3.031059778367408142e-01 4.285714285714285476e-01
2.500000000000000000e-01 1.447620464562682230e-01 4.752216917142390029e-01 2.988505747126436463e-01 8.245073891625617213e-01 6.496019978148898089e-01 5.593984962406013395e-01
2.500000000000000000e-01 3.404251362258466362e-01 4.964514464893415857e-01 3.275862068965516571e-01 8.121921182266010897e-01 5.840486967379426853e-01 3.639097744360900721e-01
2.500000000000000000e-01 3.893362593219393264e-01 5.070663238768928771e-01 3.419540229885056903e-01 8.060344827586207739e-01 5.512720461994693455e-01 3.037593984962404514e-01
2.500000000000000000e-01 4.056275687638318250e-01 5.176812012644441685e-01 3.563218390804597235e-01 7.998768472906404581e-01 5.184953956609956727e-01 2.887218045112780462e-01
2.500000000000000000e-01 3.893362593219393264e-01 5.282960786519954599e-01 3.706896551724137567e-01 7.937192118226601423e-01 4.857187451225219998e-01 2.586466165413532359e-01
2.500000000000000000e-01 2.588941994755537546e-01 5.495258334270980427e-01 3.994252873563217676e-01 7.814039408866995107e-01 4.201654440455748762e-01 2.135338345864659926e-01
2.500000000000000000e-01 1.447620464562682230e-01 5.601407108146493341e-01 4.137931034482758008e-01 7.752463054187193059e-01 3.873887935071014810e-01 1.984962406015035874e-01