0.18 0.1243 69.876 2.8 0.916 21.5 260.75
0.32 0.2209 65.672 2.6 0.902 21.2 261.65
0.42 0.2899 61.468 2.4 0.888 20.9 262.95
0.48 0.3314 57.264 2.2 0.874 20.6 263.95
0.48 0.3314 48.856 1.8 0.846 20 265.95
0.42 0.2899 44.652 1.6 0.832 19.7 268.95
0.32 0.2209 40.448 1.4 0.818 19.4 271.95
0.18 0.1243 36.244 1.2 0.804 19.1 277.45
0.0784 0.0951 74.4804 4.06 0.8112 26.056 307.05
0.2256 0.2737 75.2012 4.18 0.8136 26.168 301.05
0.36 0.4368 75.922 4.3 0.816 26.28 297.05
0.64 0.7765 77.724 4.6 0.822 26.56 291.05
0.96 1.1648 81.328 5.2 0.834 27.12 284.95
1 1.2134 83.13 5.5 0.84 27.4 283.95
0.96 1.1648 84.932 5.8 0.846 27.68 282.95
0.84 1.0192 86.734 6.1 0.852 27.96 282.95
0.36 0.4368 90.338 6.7 0.864 28.52 281.95
-0.09 0.241 74.108 3.9 0.828 26.63 309.95
-0.16 0.4284 74.096 3.8 0.846 27.26 313.05
-0.21 0.5623 74.084 3.7 0.864 27.89 314.95
-0.25 0.6695 74.06 3.5 0.9 29.15 318.15
-0.24 0.6427 74.048 3.4 0.918 29.78 319.15
-0.21 0.5623 74.036 3.3 0.936 30.41 319.15
-0.16 0.4284 74.024 3.2 0.954 31.04 320.95
-0.18 0.1845 44.667 1.9 0.79 21.95 286.25
-0.32 0.328 43.264 1.8 0.79 21.6 288.25
-0.42 0.4305 41.861 1.7 0.79 21.25 288.35
-0.48 0.492 40.458 1.6 0.79 20.9 286.35
-0.48 0.492 37.652 1.4 0.79 20.2 286.35
-0.42 0.4305 36.249 1.3 0.79 19.85 286.35
-0.32 0.328 34.846 1.2 0.79 19.5 286.35
-0.18 0.1845 33.443 1.1 0.79 19.15 286.35
-0.1128 0.1156 32.8818 1.06 0.79 19.01 285.35
-0.0768 0.0787 32.6012 1.04 0.79 18.94 286.35
-0.0392 0.0402 32.3206 1.02 0.79 18.87 285.35
0.0784 0.0156 46.9914 2.1 0.7916 22.43 283.95
0.36 0.0715 50.677 2.5 0.798 22.95 281.95
0.64 0.1272 55.284 3 0.806 23.6 279.85
0.84 0.1669 59.891 3.5 0.814 24.25 277.85
0.96 0.1908 64.498 4 0.822 24.9 276.85
0.96 0.1908 73.712 5 0.838 26.2 276.85
0.84 0.1669 78.319 5.5 0.846 26.85 276.85
0.64 0.1272 82.926 6 0.854 27.5 275.85
0.36 0.0715 87.533 6.5 0.862 28.15 275.85
0.32 0.2008 79.702 3.6 0.878 23.26 271.45
0.42 0.2636 75.498 3.4 0.867 23.14 271.95
0.48 0.3013 71.294 3.2 0.856 23.02 271.95
0.5 0.3138 67.09 3 0.845 22.9 272.95
0.42 0.2636 58.682 2.6 0.823 22.66 276.95
0.32 0.2008 54.478 2.4 0.812 22.54 279.95
0.18 0.113 50.274 2.2 0.801 22.42 280.95
-0.18 0.9527 82.539 4.6 0.808 26.27 304.85
-0.42 2.223 71.317 3.8 0.804 24.61 290.85
-0.48 2.5405 65.706 3.4 0.802 23.78 286.85
-0.5 2.6464 60.095 3 0.8 22.95 286.65
-0.48 2.5405 54.484 2.6 0.798 22.12 285.65
-0.32 1.6937 43.262 1.8 0.794 20.46 283.65
-0.18 0.9527 37.651 1.4 0.792 19.63 282.65
0.0784 0.1517 88.2298 5.04 0.8112 27.134 316.95
0.2256 0.4366 88.3894 5.12 0.8136 27.202 307.95
0.64 1.2385 88.948 5.4 0.822 27.44 293.95
0.84 1.6255 89.347 5.6 0.828 27.61 288.95
0.96 1.8577 89.746 5.8 0.834 27.78 286.95
1 1.9351 90.145 6 0.84 27.95 284.95
0.84 1.6255 90.943 6.4 0.852 28.29 283.95
0.64 1.2385 91.342 6.6 0.858 28.46 282.95
0.36 0.6966 91.741 6.8 0.864 28.63 282.95
0.18 0.8812 88.114 4.1 0.891 23.86 273.65
0.42 2.056 88.122 4.3 0.873 24.58 276.45
0.48 2.3497 88.126 4.4 0.864 24.94 276.35
0.5 2.4477 88.13 4.5 0.855 25.3 278.35
0.48 2.3497 88.134 4.6 0.846 25.66 278.35
0.32 1.5665 88.142 4.8 0.828 26.38 282.35
0.18 0.8812 88.146 4.9 0.819 26.74 296.35
0.0392 0.1919 88.1492 4.98 0.8118 27.028 316.35
0.0392 0.0631 91.7394 6.94 0.8686 28.644 280.75
0.1128 0.1817 90.9382 6.82 0.8658 28.332 278.75
0.18 0.29 90.137 6.7 0.863 28.02 277.75
0.32 0.5155 88.134 6.4 0.856 27.24 275.75
0.42 0.6766 86.131 6.1 0.849 26.46 275.65
0.5 0.8054 82.125 5.5 0.835 24.9 272.65
0.48 0.7732 80.122 5.2 0.828 24.12 270.65
0.42 0.6766 78.119 4.9 0.821 23.34 269.65
0.32 0.5155 76.116 4.6 0.814 22.56 269.65
0.36 1.0016 98.995 6.8 0.72 22.15 271.35
0.64 1.7807 97.79 6.6 0.73 22.7 271.35
0.84 2.3372 96.585 6.4 0.74 23.25 270.35
0.96 2.6711 95.38 6.2 0.75 23.8 272.35
0.96 2.6711 92.97 5.8 0.77 24.9 271.95
0.84 2.3372 91.765 5.6 0.78 25.45 274.35
0.64 1.7807 90.56 5.4 0.79 26 281.35
0.36 1.0016 89.355 5.2 0.8 26.55 290.35
0.64 0.8167 112.968 6.2 0.846 24.96 282.75
0.84 1.0719 111.372 6.3 0.829 24.54 278.75
0.96 1.2251 109.776 6.4 0.812 24.12 276.75
1 1.2761 108.18 6.5 0.795 23.7 274.75
0.84 1.0719 104.988 6.7 0.761 22.86 271.75
0.64 0.8167 103.392 6.8 0.744 22.44 270.75
0.36 0.4594 101.796 6.9 0.727 22.02 269.75
0.0784 0.1255 74.9222 4.08 0.8078 25.932 306.85
0.36 0.5761 78.131 4.4 0.799 25.66 296.75
0.64 1.0242 82.142 4.8 0.788 25.32 291.75
0.84 1.3443 86.153 5.2 0.777 24.98 286.75
0.96 1.5364 90.164 5.6 0.766 24.64 287.75
0.96 1.5364 98.186 6.4 0.744 23.96 286.85
0.84 1.3443 102.197 6.8 0.733 23.62 286.85
0.64 1.0242 106.208 7.2 0.722 23.28 286.85
0.36 0.5761 110.219 7.6 0.711 22.94 286.85
0 0.1657 101.603 7.1 0.709 21.7 270.75
0 0.2946 103.006 7.2 0.708 21.8 272.75
0 0.3866 104.409 7.3 0.707 21.9 272.75
0 0.4418 105.812 7.4 0.706 22 274.75
0 0.4418 108.618 7.6 0.704 22.2 277.75
0 0.3866 110.021 7.7 0.703 22.3 280.75
0 0.2946 111.424 7.8 0.702 22.4 282.75
0 0.1657 112.827 7.9 0.701 22.5 284.75
0 0.0361 113.9494 7.98 0.7002 22.58 287.75
0.0784 0.0148 112.8668 7.88 0.7018 22.594 284.05
0.36 0.0678 107.414 7.4 0.709 22.57 282.05
0.64 0.1205 100.598 6.8 0.718 22.54 280.05
0.96 0.1807 86.966 5.6 0.736 22.48 279.05
1 0.1883 80.15 5 0.745 22.45 279.05
0.96 0.1807 73.334 4.4 0.754 22.42 279.05
0.84 0.1582 66.518 3.8 0.763 22.39 279.05
0.36 0.0678 52.886 2.6 0.781 22.33 279.05
0.0784 0.0148 47.4332 2.12 0.7882 22.306 281.05
0.0784 0.0107 33.4032 1.12 0.7884 18.856 282.85
0.36 0.049 38.856 1.6 0.782 19.08 269.75
0.84 0.1142 52.488 2.8 0.766 19.64 265.75
0.96 0.1305 59.304 3.4 0.758 19.92 264.75
1 0.136 66.12 4 0.75 20.2 264.75
0.96 0.1305 72.936 4.6 0.742 20.48 264.75
0.64 0.087 86.568 5.8 0.726 21.04 264.85
0.36 0.049 93.384 6.4 0.718 21.32 264.85
0.0784 0.0107 98.8368 6.88 0.7116 21.544 264.85
0.0784 0.105 60.902 3.08 0.7982 24.442 295.95
0.2256 0.3021 62.506 3.24 0.7946 24.326 285.95
0.36 0.482 64.11 3.4 0.791 24.21 281.85
0.64 0.8569 68.12 3.8 0.782 23.92 274.85
0.84 1.1247 72.13 4.2 0.773 23.63 272.85
1 1.3389 80.15 5 0.755 23.05 269.95
0.96 1.2853 84.16 5.4 0.746 22.76 269.95
0.84 1.1247 88.17 5.8 0.737 22.47 269.95
0.64 0.8569 92.18 6.2 0.728 22.18 269.95
0.0588 0.1681 76.0104 3.02 0.9666 27.468 308.05
0.27 0.7719 75.692 3.1 0.953 26.94 295.05
0.48 1.3724 75.294 3.2 0.936 26.28 287.05
0.63 1.8012 74.896 3.3 0.919 25.62 281.05
0.75 2.1443 74.1 3.5 0.885 24.3 277.05
0.72 2.0585 73.702 3.6 0.868 23.64 274.05
0.63 1.8012 73.304 3.7 0.851 22.98 274.05
0.48 1.3724 72.906 3.8 0.834 22.32 272.05
-0.0196 0.415 116.4474 5.9 0.8993 29.58 327.25
-0.0564 1.1943 113.0022 5.7 0.8948 29.14 316.25
-0.09 1.9057 109.557 5.5 0.8904 28.7 307.25
-0.16 3.388 100.944 5 0.8792 27.6 295.25
-0.24 5.0819 83.718 4 0.8569 25.4 290.25
-0.25 5.2937 75.105 3.5 0.8458 24.3 287.25
-0.24 5.0819 66.492 3 0.8346 23.2 288.25
-0.21 4.4467 57.879 2.5 0.8235 22.1 287.25
-0.09 1.9057 40.653 1.5 0.8012 19.9 286.25
-0.0196 0.1205 75.4896 2.98 0.9664 27.494 312.65
-0.09 0.5535 73.088 2.9 0.952 27.07 306.65
-0.16 0.9841 70.086 2.8 0.934 26.54 301.65
-0.24 1.4761 64.082 2.6 0.898 25.48 295.65
-0.25 1.5376 61.08 2.5 0.88 24.95 293.65
-0.24 1.4761 58.078 2.4 0.862 24.42 292.65
-0.21 1.2916 55.076 2.3 0.844 23.89 292.65
-0.09 0.5535 49.072 2.1 0.808 22.83 290.65
0.1176 0.1353 76.8528 3.1 0.9646 27.5 302.35
0.3384 0.3894 78.3784 3.3 0.9538 27.3 291.35
0.54 0.6213 79.904 3.5 0.943 27.1 288.35
1.26 1.4498 87.532 4.5 0.889 26.1 287.35
1.44 1.6569 91.346 5 0.862 25.6 285.35
1.5 1.7259 95.16 5.5 0.835 25.1 286.35
1.44 1.6569 98.974 6 0.808 24.6 284.35
0.96 1.1046 106.602 7 0.754 23.6 285.35
0.54 0.6213 110.416 7.5 0.727 23.1 284.35
0.27 0.9678 61.256 2.2 1.025 30.81 305.15
0.48 1.7205 62.462 2.4 1 29.72 297.15
0.72 2.5807 64.874 2.8 0.95 27.54 283.15
0.75 2.6882 66.08 3 0.925 26.45 277.15
0.72 2.5807 67.286 3.2 0.9 25.36 274.15
0.63 2.2581 68.492 3.4 0.875 24.27 274.15
0.27 0.9678 70.904 3.8 0.825 22.09 270.15
0.09 0.0339 36.047 1.3 0.791 19.02 281.15
0.16 0.0603 40.054 1.6 0.792 19.24 279.15
0.21 0.0791 44.061 1.9 0.793 19.46 277.15
0.25 0.0941 52.075 2.5 0.795 19.9 273.15
0.24 0.0904 56.082 2.8 0.796 20.12 273.15
0.21 0.0791 60.089 3.1 0.797 20.34 272.15
0.16 0.0603 64.096 3.4 0.798 20.56 271.15
-0.18 0.2824 57.294 2.8 0.79 22.22 288.15
-0.32 0.5021 54.488 2.6 0.79 21.84 288.15
-0.42 0.659 51.682 2.4 0.79 21.46 287.25
-0.48 0.7531 48.876 2.2 0.79 21.08 287.25
-0.48 0.7531 43.264 1.8 0.79 20.32 285.15
-0.42 0.659 40.458 1.6 0.79 19.94 285.25
-0.32 0.5021 37.652 1.4 0.79 19.56 285.25
-0.18 0.2824 34.846 1.2 0.79 19.18 284.25
0.16 0.5623 62.502 3.2 0.792 22.28 280.45
0.21 0.7381 63.703 3.3 0.793 22.12 277.45
0.24 0.8435 64.904 3.4 0.794 21.96 275.35
0.25 0.8786 66.105 3.5 0.795 21.8 274.35
0.21 0.7381 68.507 3.7 0.797 21.48 272.95
0.16 0.5623 69.708 3.8 0.798 21.32 271.35
0.09 0.3163 70.909 3.9 0.799 21.16 271.35
0.09 0.7268 73.919 4 0.809 25.5 293.15
0.21 1.6958 73.517 4 0.807 24.5 276.15
0.24 1.938 73.316 4 0.806 24 275.15
0.25 2.0188 73.115 4 0.805 23.5 273.25
0.24 1.938 72.914 4 0.804 23 272.25
0.16 1.292 72.512 4 0.802 22 273.25
0.09 0.7268 72.311 4 0.801 21.5 272.15
0.36 0.0264 88.936 6.6 0.862 28.18 277.75
0.64 0.0469 85.732 6.2 0.854 27.56 276.75
0.96 0.0703 79.324 5.4 0.838 26.32 276.75
1 0.0732 76.12 5 0.83 25.7 277.75
0.96 0.0703 72.916 4.6 0.822 25.08 277.75
0.84 0.0615 69.712 4.2 0.814 24.46 277.75
0.36 0.0264 63.304 3.4 0.798 23.22 281.75
0.09 0.8719 72.311 4 0.801 21.33 268.55
0.16 1.55 72.512 4 0.802 21.66 269.55
0.21 2.0344 72.713 4 0.803 21.99 270.55
0.25 2.4219 73.115 4 0.805 22.65 272.55
0.24 2.325 73.316 4 0.806 22.98 274.55
0.21 2.0344 73.517 4 0.807 23.31 276.55
0.16 1.55 73.718 4 0.808 23.64 280.55
0.54 0.482 90.535 6.6 0.88 28.68 281.85
0.96 0.8569 88.93 6.2 0.89 28.56 281.85
1.26 1.1247 87.325 5.8 0.9 28.44 282.85
1.44 1.2853 85.72 5.4 0.91 28.32 282.85
1.44 1.2853 82.51 4.6 0.93 28.08 285.85
1.26 1.1247 80.905 4.2 0.94 27.96 287.85
0.96 0.8569 79.3 3.8 0.95 27.84 290.85
0.54 0.482 77.695 3.4 0.96 27.72 296.85
0.48 3.4482 81.322 4.4 0.8203 22.76 269.65
0.63 4.5258 85.928 4.6 0.8305 23.64 271.65
0.72 5.1723 90.534 4.8 0.8406 24.52 273.65
0.75 5.3878 95.14 5 0.8508 25.4 274.65
0.63 4.5258 104.352 5.4 0.8711 27.16 279.65
0.48 3.4482 108.958 5.6 0.8812 28.04 284.65
0.27 1.9396 113.564 5.8 0.8914 28.92 290.65
0.0784 0.1821 88.6716 5.06 0.8078 27.01 317.95
0.64 1.4862 93.366 5.6 0.788 26.2 296.95
0.84 1.9506 95.974 5.9 0.777 25.75 293.95
0.96 2.2292 98.582 6.2 0.766 25.3 291.95
1 2.3221 101.19 6.5 0.755 24.85 290.95
0.84 1.9506 106.406 7.1 0.733 23.95 288.95
0.64 1.4862 109.014 7.4 0.722 23.5 288.95
0.36 0.836 111.622 7.7 0.711 23.05 287.95
0.0392 0.1275 126.528 6.9 0.8978 26.612 304.95
0.32 1.0408 111.75 6 0.878 25.82 292.25
0.42 1.3661 103.54 5.5 0.867 25.38 290.25
0.48 1.5612 95.33 5 0.856 24.94 289.25
0.5 1.6263 87.12 4.5 0.845 24.5 289.75
0.42 1.3661 70.7 3.5 0.823 23.62 289.25
0.32 1.0408 62.49 3 0.812 23.18 289.25
0.18 0.5855 54.28 2.5 0.801 22.74 289.25
0 0.7891 77.09 3.1 0.968 27.18 297.95
0 1.8412 79.09 3.3 0.964 26.34 284.95
0 2.1042 80.09 3.4 0.962 25.92 280.95
0 2.1918 81.09 3.5 0.96 25.5 279.95
0 2.1042 82.09 3.6 0.958 25.08 277.95
0 1.4028 84.09 3.8 0.954 24.24 274.95
0 0.7891 85.09 3.9 0.952 23.82 273.95